-13.115083554853474,-83.72545873729516,-21.03782182639294
55.80902081543344,45.61405638613188,-14.691792329811111
-33.03055397116053,-80.1793412615041,55.8976216213234
31.237006170584007,-26.390256523669134,25.16508817271251
21.22544316453907,-65.73265371539033,56.638786378181884
-10.26215995900486,0.40899470269073734,1.8011730060893931
-13.170365411891181,-73.79987907759329,-1.684219259371653
75.0831389394203,66.20223645519204,9.555971963199676
32.43771584651579,41.611108586832685,-115.96330239992596
-8.923741256188661,-0.7299112549781783,6.288848638470268
-25.113466199192754,41.36511171345704,-117.51170609925744
70.23812644484897,85.05939184401979,-82.22124105896191
9.495816724206227,13.693472498234602,22.806152202261714
-16.515446757331983,6.949964282508407,52.09802288974098
-30.137580338713168,68.38037593327954,24.46728883132562
-39.97013548584205,5.838107182839314,-18.99459488241688
-54.024296614056006,4.317182794038976,12.857952378262347
11.203829436797095,46.375484935211595,30.287198612778084
5.931199737170597,44.14061682143651,-3.170832024387461
-50.2961148283206,51.49549944440123,-43.11356263022353
-36.61295040067356,54.629340012967184,-6.66734456286655
-5.849293131035996,-88.75242041544355,-66.648560262
0.6889030513424649,-94.44521168439512,4.615677987562916
40.092561431216666,57.906771380329545,-60.1806954323786
20.54610714920527,-37.216942218063934,-5.950092246920532
-136.9812381785078,-43.08129210927648,-49.427049015709734
-117.43020696661043,53.416076702387265,-20.686323380173054
-2.8147209421518093,24.931688550517652,104.51058589616845
16.15940594962487,-0.41126337150764275,50.77717532133986
-28.20428970638827,10.9091258884572,3.5327539134146657
59.806860015304345,-12.365857845174332,-7.0481457807367915
27.751951709303086,4.921189480456169,10.955553853670185
-2.8509622421430785,31.539962496374464,-7.242054276459557
12.693039853921116,-9.74590696893809,47.737312127750066
-20.17046273911472,49.684113654280374,-4.696357275308514
11.324021197291147,13.9943439642024,-3.2676387258883928
20.496060132309417,-69.5609278053011,102.86722427090429
-30.71832077854446,58.31371589104163,1.257307715385676
20.159608148372072,64.23070863191688,-23.780993004685826
-32.72870443384107,71.31445744143532,45.432243493698934
8.105420898458373,-104.30918967460241,-5.316097151343107
-48.415962546746904,-30.649792553641884,87.23637144865036
17.982706340203315,-5.38165963486288,3.8005507073455704
-84.62973441323487,-71.1847787693275,-12.601639823424344
-66.35662936307264,21.59476295905548,31.682438890306113
60.38001265876019,-70.99527316667431,-28.280644446958846
-33.29713988498628,-35.159401869885734,19.310797653047636
11.511529211118171,-116.26333421295845,59.39669436865585
-12.998815166000234,-20.968873416850766,-17.23813653661613
87.9558519709186,34.43099007680272,81.496383059956
-19.47160994897492,120.27017647199716,-2.2655705212581982
26.196368346148795,-61.68110977994332,43.41446204378887
3.4922970015231605,33.93005611065733,8.713025152190406
8.554139899826103,29.732324358639616,52.33266140682953
-37.63749750758987,-36.08478963334905,54.90716215337014
27.712800091589386,98.19258297639047,-44.040382166668294
7.599058330527927,43.76301207358395,-38.977294664545056
-20.273477751633088,8.681587491844066,12.502660996460284
56.36903524222531,17.77406709561655,0.5015628457626342
-43.93078105626242,-47.292351792973484,23.612769516524605
46.48612115200826,43.43458180286007,-41.71578016582006
4.38698467829784,-70.78947541233144,56.95513189011946
129.6123170501896,44.63352806865296,8.534546904173052
-33.71275751237819,31.821345108109554,58.92898220522442
-42.645038295557775,45.136084631624215,-33.584989794118755
-82.45112911949325,12.180964305564325,-23.23299439181555
21.77739229581029,44.54260068163371,32.776054167565086
-40.37618157289189,-5.620789995600147,48.32693383378111
-32.48182618491689,-14.230037781695012,-10.23835576716537
2.404119273483809,34.34031153918438,33.78206494104816
51.81905618145605,-13.448106581481163,60.25868032968405
-8.196507234989362,-28.853492850884383,-14.377880036898725
-15.54498830685631,-86.1320708110932,-44.450734615102476
51.4942295935917,-105.81867672034046,36.951426763136
37.84325355335307,-11.20917718995181,32.714395576302714
6.5154470235589015,-4.328601543603815,-51.80679322847627
48.39779445710086,72.13087034603255,-7.0132460609463285
-19.812697513820005,-23.43230299915397,77.71154760655656
-38.700883235330444,37.04079528497321,-9.440618929091697
21.4663828509895,-14.46742051222001,58.64768267584906
9.465021110542702,84.648621591976,-33.0263802309036
-102.25784965964654,74.36282682794369,18.155938461042737
52.953513805518575,12.570948908161,-6.681993796259296
-25.94583585889708,-5.813704374705412,13.144133162811992
-5.448283869509472,8.94942053277896,53.2684416513352
29.76873995014239,1.3355485520078456,-7.147763361207715
-14.548660411417451,4.7442738808111455,5.737532751326324
-20.99799377668816,4.052789173864995,3.7204557209443223
-17.30758837469607,-107.63558017881692,9.09970160494913
-4.568848188887716,-15.96720786611584,-51.780998134665474
19.03210069584157,-94.13885157621034,57.68670543072128
32.57424045141752,34.93609576422078,94.8773477939211
24.167863656289654,19.3194503163761,59.031098307791645
-4.161990773183408,18.98052394156151,20.060136496599362
74.42394103560031,25.974459744417278,-15.801000257239117
-28.538590126129346,-30.19338537837518,-26.06794951460481
6.407886056733127,67.11846985618004,-41.9816297138952
-14.871864798854919,-8.633839015537237,2.9217222063763564
9.178013899802066,-0.3299263214030548,27.54001044519284
-26.116498372737055,-8.523399865225386,-51.81120686548524
21.50936666327654,-100.73707806004319,-104.37124996177907
16.05920056892493,-55.44524152515994,3.857127122824289
37.20175338196824,-15.235763940951935,-45.35560152288601
-36.551164775371944,48.4024358395964,18.554029985926995
0.32971430670302543,68.3673513791842,-29.115963861218734
-32.23332932654132,52.69153093130106,-29.924508243957398
28.02972789548697,-13.436458222170879,-56.864816927692196
92.8059009717489,29.545371163393877,46.18657503773309
23.619474292145856,30.05393677421617,-14.904859292216834
90.72702714845285,-81.7372024289026,9.632235130056516
-35.418515009442125,92.91420611288618,3.476251316125016
-50.99450786719097,51.63961082586631,-32.6849505200298
0.3187636714268957,-19.00331850203337,12.665227178980555
1.0141808577692806,44.64576369017801,-27.299803960378593
1.1030241686503848,43.22728096023986,-37.15944597690805
-24.302094021692213,54.5338687609732,-20.89976648569688
62.312168442619445,-33.48226282633796,12.054082437896755
11.047637866119306,-17.157775478786473,-6.93544134236226
-57.00506257370796,-11.496768217396445,53.32001549543111
-11.218039495647778,5.36496915405084,-46.71417868614843
60.37583721225414,-25.669609610562603,-97.72526968812342
-9.36394397559204,8.958070451430988,11.523941507563054
29.493703167129873,-44.504989459860404,18.84237773626136
47.77621430890791,43.60715756416634,29.334433547997055
-45.21847666176497,26.07037235495914,31.252496259279603
7.725348923060645,92.84355545192953,1.962903578031852
-68.50811779967331,29.91418819422598,-2.451110267912759
-69.25396958822722,41.72040887319561,-25.04018161916795
72.6272749063344,-48.92790109976052,-117.32234010098732
43.45763941700176,31.035254326549946,51.398143184704296
120.45687189638585,-62.201479736850466,9.219593633495204
-40.71342507654134,46.483979168957525,3.525850915174743
21.343930174930865,64.5857999053675,-26.493404444483662
55.96341580258803,7.949305620640551,37.57570859305069
36.525479799815514,-35.877577362493504,-51.65653390727716
16.143566770507356,1.160914641643515,30.21123680678217
-1.6809135533237416,7.741100203924747,-64.30076284212447
119.88524366826253,67.52412586458615,-70.25849404476924
88.37926442770616,40.88740102105181,9.185622224826329
-3.853074835820166,8.21577233498122,15.486159620828007
-18.288224412173395,55.32931320058141,-89.36865248473045
-5.4102097436037475,58.68583926593729,-18.695891620627812
23.08753884131936,24.310112691868586,40.0084622149577
25.733564731221744,27.131090799244927,54.267466886238466
-81.82141058667472,-41.822668492336454,-18.876204808716146
11.392912270470067,-64.02749187775271,-36.76762698672359
-81.81175531982431,-24.31887452781971,11.611800947480354
-34.74072376904796,-114.10039434949805,19.77804311138171
-51.08591644771802,-30.460033963130144,-32.55707418072509
16.483461064703544,-28.240750415836395,-10.668128032982079
-64.19697326244453,37.193866415354734,-68.11692307899746
16.38429710333808,-75.92340244427865,-6.094139615376
-13.976812257815139,61.437817122560254,-26.24248394011546
-64.75087063361741,12.914324174490913,-47.87450886304656
10.679178499006511,-11.724187047935661,33.21592154207932
46.480241231214954,-11.379076910591845,42.5966009657447
28.2309543238772,-50.06674473512426,-52.49885381849577
8.095435729239636,34.17676018127133,-18.182912806747545
-58.14666349720282,-39.870847568155334,17.323131047473403
6.222411477275048,-16.357834206275434,2.7628084486215196
14.65559666644773,-57.211778278285074,-76.45711018229375
1.2962424942848139,-20.437313278448116,-38.54868206371099
-39.86158532661215,0.8930741285985607,65.1970628588901
52.94402236661595,12.604821495450352,-46.74719834243681
5.081100721813063,13.881590669200657,-5.367065009553283
15.728317521142014,56.85868935817709,-11.309367933814439
-13.38633528254965,80.06767936189028,-56.80653066293876
42.881954910822316,93.13426719591735,54.59934096888691
-33.707758702862385,9.456684972297346,60.29354301391248
-7.082151460308179,51.13050476231484,8.385568237824533
19.655718644544503,111.1896081617528,45.41047789731013
40.22872108942944,-39.51844060420461,-1.497805855189965
-12.398343091028147,94.71347435829044,-125.460488923465
-36.62160702491776,26.972294801514312,85.39302781105857
57.7483693913043,-106.30860767522029,61.22697410957359
-14.589370498385689,-56.62186849965375,-21.398557671262385
23.39809705820697,-50.304438043389055,-55.298563255076
41.761407632902525,-2.7846077011978,-26.6123368982506
35.85214389988172,-28.65700291011401,10.699167020965536
45.6851169484233,-36.77372892735478,-9.13210690365403
117.5069312645968,-0.0807376465124135,8.270777993432914
-35.01457721996024,50.52983488870368,-25.86455895628664
22.492788048853267,-18.680760847269152,73.9247694665133
79.4970712798636,32.051258657026736,-7.212013270488897
-8.47479869834875,-72.24635250848856,-2.5057545263957537
-38.295494755531685,86.37022396329424,-25.020201452036357
18.065649686301583,-24.78073784200851,28.968049794129062
51.924540060165185,61.81631414234833,-66.77891843157816
-3.6565227190248706,-34.12383160522742,36.713646368549874
36.974628489091494,-74.3733296986582,30.747100995776
88.7627058105058,-4.270862272658442,54.219922986476845
22.238137114576634,5.792614954416049,-34.27694816766805
-60.98796979745205,60.925633869619,-11.886977525775944
-36.810550224918586,-67.89206182899163,34.38444492389623
-112.11287782613327,51.679471327406574,-15.810254263115137
48.66369601951182,57.56805278142676,-15.337752370606138
-22.78437383927989,-4.561047690777919,-18.370002770785764
-21.728504786511916,-34.602605585184385,-49.32240150607353
6.34966927210268,-18.378671796551668,3.440932851296828
4.373761013369432,44.64130733356175,20.391400557260557
61.605018026973354,-49.43848592054438,1.5711353196414166
128.91555747878712,-6.98948761483417,-6.452656969450059
-31.525039347785373,-32.74915396837192,-57.58844751220245
-0.10601548650535231,26.25672237565942,15.559264222565243
-18.165375777909222,-41.97771379584217,26.868689145015587
-46.779317833840345,3.7094146646267543,22.24479093414548
-74.89707657429992,53.9163577752422,-44.78956271548436
-20.142512390130708,-4.115584240343192,21.17569069997451
-2.6241181988853546,51.417178799254096,-38.9812692596589
-27.04128330676497,-1.4861593955967713,-50.70618244854219
-9.908843284605032,14.11904978131568,41.06704122003417
-20.078521986304587,23.475548460961004,15.007696100216712
-39.64586298978893,12.274762472665008,29.96607890918393
-83.54581820564036,-29.031626551771513,-14.110815722278899
9.891677954055526,-13.712616141817387,0.47447017955697607
-60.61918097532512,-46.40828736063945,47.98279906458358
4.840888679346296,-28.869341466703666,-43.37914952946367
-28.308320337264238,15.71628246548641,30.953250681727422
-6.443157061382862,-12.77225935789652,-38.00919690682185
-35.38554270306691,17.574197122559003,11.410336508600246
-0.1182596437378509,38.91845742720033,-4.676535039261801
-25.842646410643702,3.3756915377975285,9.84470868075917
-13.03787859685568,-0.13265318311701044,-56.55724467372757
85.14789935655674,-79.20683317125172,-126.3564525107263
24.697311065349645,47.12603207459264,21.664085247872606
-56.27572671524316,-35.007573377307715,11.749715428392241
-43.936476513554894,15.110668151715384,58.05600502348123
18.634285012146623,-101.48371284660308,29.68244161199901
59.80694268997468,-27.10883102326375,-58.828170412468396
-9.183442057751789,-51.233093861101686,-3.2781592240239426
-78.50825691896885,-37.483509199732,33.672649786222365
-60.21858399230018,-30.75040317725253,-68.57521482066745
-2.900017633948532,-83.6368278693422,39.0071090354869
24.77313321073359,28.365508781693876,5.419325379719706
101.8094460531648,-20.707549876495797,-9.985149994903372
-59.598684843541136,8.536143712725888,-2.1190927624428597
-114.79299180488486,-33.292684177708864,36.72885345391626
-29.862834571317915,-42.24240469447326,-31.589734553705625
-71.41287697906866,-145.44042382184804,24.567456387562974
40.683007361987094,0.7990045096236661,48.54229532757027
-2.061216835700024,-6.646713726580626,-52.168660034869845
-58.09946060296775,28.628657411321292,-13.146582397461069
60.80845468979991,127.22274594590644,37.44564089287532
25.32729779391613,-57.967003615283815,33.30513533870135
16.853801869810425,6.3781291066826515,51.81380810536285
-36.81583290015923,-19.353259923154862,37.09509872014487
-1.3370187241148164,-23.881725875872636,-31.62350179244753
33.720868199807086,34.21079348564796,36.90782942043953
-10.799371546189468,-5.319023413352841,36.89040609544988
6.330333939411741,-42.2836151328491,5.9655164324852885
-34.51149823308135,-26.817411095303544,-3.3694285440151854
85.9151632360276,19.496928934713377,21.39466919297794
50.20243835231574,-26.81828793714952,-34.279482697685566
-78.07631542058512,-44.98611246216219,6.932296385621649
-41.275423975515814,-55.97870755286421,-32.79713524004344
15.826190851633902,20.776743223655743,-9.9221083452915
-18.621920077760247,-0.6206319649640254,-21.442020260440735
-25.45691578751164,54.02852421273947,7.404205554233167
95.65569226017314,-34.6431745383906,-66.97651455276262
77.67879228575435,-31.00027035128702,-35.527003234012994
-64.10043809846749,45.058316420964566,108.65836782681073
28.55513041391978,-41.04394584882123,32.94666798487469
-51.45985677623223,-28.373364335266892,0.05853823465816759
60.56327127798312,-67.80464479296786,51.67113154638662
-41.186473960359066,-44.99838166269958,30.87315844243438
116.90121944542781,-31.546670971829077,82.6623000885936
31.59364099823199,36.92228915672869,10.867887960663543
50.33516661931453,31.048780675074607,1.922665305757821
-10.894379056878027,20.51965846416537,-51.989529838448185
20.12549603454946,-23.381318271528556,-20.799623241171915
24.461507788495258,-23.174953551845135,0.3742021006482228
112.54377075136219,66.68270404414613,-72.23915915283833
-69.0097568642082,18.44161611041932,-45.518501263603596
66.20301289054876,-13.939302588476396,5.319614124840002
5.420091417759935,-28.282511707888094,33.717731892009645
7.377934557016536,7.042439673266735,-18.8263585604047
3.1909046589076904,6.464342052761019,14.15450765092164
8.883793391803499,-20.116488895802153,20.606137792719785
64.13610795827572,-36.03651240700184,34.63053298359828
3.2476417507660913,-34.11862303124079,-18.622319791984783
-17.28891877756852,-19.258528558928376,59.89368023077853
-96.7800784444584,46.801031246258134,-11.172885730671021
-23.114583018708814,65.92855579060284,-38.34487300875566
67.94811902939979,-39.87495387582899,85.21205218841637
-16.817328263337775,10.894110104669616,6.784232164766495
59.62667949510204,-42.4787859184613,-2.352473208388099
-106.39047203748653,-10.006569934904102,76.0792829533737
-103.30944032358123,-25.035444827788346,-18.89466260252706
27.321601295172233,-44.346747123878885,-30.143298964037776
0.8488203388391627,79.64265064665207,-25.522945415654206
-41.616582947215534,18.18472572164025,13.412731365915837
23.453257157840113,40.689793634202985,52.14626174435386
-33.0715477346665,23.146521701142248,-15.455398710672496
24.070099488921297,-8.78184336563946,27.469694967715288
-48.47326252414988,52.996936444212984,-15.90667172820704
-60.25323237412417,-4.173991691565039,-31.56495811366062
65.26978482926478,16.0528093727093,-43.088325606673635
-24.256653130160874,-52.555181417934335,-49.57029120232263
99.13442988249884,-4.93335636576414,44.72427566232193
21.666205603760808,-52.80396798873397,32.82937501061687
-40.572650075651,-30.224350296254865,-108.0704655506381
2.685825366086877,-27.18557467542373,31.133165905827155
-6.076477818701931,33.78854304951315,34.666641228290324
-18.29210690047467,20.093964777014353,71.87685780499557
54.58762894795341,-44.072901620177696,-37.56692500201701
-12.944346549474124,-80.068419603536,-83.6744276260798
6.878021630137757,-38.75468556995322,65.01231529780097
-16.503460837650987,29.763941809140935,-50.0267787226434
-8.645286202319053,-85.3825381448294,15.083905315724325
-52.70947771970055,1.3272990211600297,6.928415153669777
2.3455834567613163,-21.170879284888407,-49.297742215214974
34.860057091763935,-26.577524742476392,94.16121891398912
16.906571082431846,7.057502971360968,-15.080071031416326
-42.96312746343153,80.58672883670656,28.35083938365864
2.7280081356703967,4.4509145358529665,-83.94016625201485
52.18666567203754,52.29282308737983,12.483576074992762
-72.8837843311648,54.06631522016304,33.51164884089054
42.60177399323478,6.651245430179793,-11.755948270155276
-60.684972365237186,-0.3150333380870333,-12.250958410617113
-19.225234466911335,-0.445097793084183,-51.44533363404808
38.57542973412795,67.82625283637093,-44.97927257223292
-116.13339679609368,-21.339296166625264,3.575213206023082
-7.891918840338629,-33.721444765334404,-78.77754567160079
3.3004207496561335,28.95053258277101,-90.69246951713674
-72.38617730385158,-12.564993349972635,-18.26780962828084
-23.578396741339553,10.555534004628532,-7.541189585905532
-18.208277924902827,-12.860156981196456,-53.22154853408534
-24.00175596194606,-50.37486327308468,33.6073845790239
26.378198910834307,78.35590722739448,-6.3430096960301245
1.2087274971323965,39.74543113595541,-62.10707728306682
9.405876410812075,-6.682933368452549,-78.41883294294695
34.078102772551134,44.362987692251025,-8.464004231095611
-15.629386955473297,15.264552351649147,-0.5242814129070317
-41.73465164490617,33.98821104514315,-45.384762361541824
15.05627106698941,-8.858238878699352,-2.556980400641673
34.83069663678627,-16.602870261863018,27.047638854727143
45.33804755923946,2.5502801884946193,-4.3686704274607235
-9.383210946740665,71.97533845874315,-26.81351663956828
-24.376566261450524,15.698197764117502,-17.711641841999167
27.76531444729831,-58.920902546182425,33.994421855622036
93.17780979550454,15.540547461723703,15.870286583346646
34.45234596376555,70.67783040125806,15.935420781940778
-38.886657753235376,30.93298674426451,82.98122696209907
15.736896517208066,125.22719864915697,-124.02331231496666
57.30009121133656,-18.377163403836615,-0.1552426629983344
-84.94770037430463,-29.003505370606863,62.805766964845
4.259283079172709,-60.06021905321502,33.00792101296659
-47.78497851091643,-43.93808313437877,-58.44656702258915
11.617692199461327,27.169057706081674,13.381248972094227
-44.38184879157741,42.83120311977469,-107.26078210520487
113.45523284637073,3.2861075791183523,14.87745097536623
73.97481458217462,-22.030057273814926,7.446847629828718
46.25615646425403,-66.28512216546876,43.44935426404134
-76.69408035522144,39.841049383618696,-63.33162241069432
6.340589067904297,32.36657114077632,63.66579669463426
0.4621044479749771,13.133879970138485,14.155179731592941
32.00337799382235,-6.992473581293969,-7.332800803179594
63.50343755244653,-27.118937325516377,8.615537809262069
11.708537687542247,39.97522926923054,72.54159046295645
-77.9353136152253,-63.92703713027559,19.971211371874897
35.37445794950145,-31.692879450814072,101.70816418913151
34.21858842669139,77.28024624672334,-33.59022498661668
-58.94347810078891,-63.454469280158975,-18.3460042044943
-37.87693271632901,-33.58520364419735,35.41562354107998
-11.793049178991769,6.649792346255194,-8.100892018180732
-80.9237479623151,-40.131706782252344,29.10763869853824
49.053900247604666,0.40315596599096326,-39.127936862621574
3.507506503837246,-53.281370547538735,47.59052892348078
74.16282361789801,-35.97578271767455,-23.36788829824625
34.5334849396408,-12.212683993893414,61.048537470338864
25.667136792557745,-4.192328378306585,-17.239690376733222
58.07693396926436,-81.66539969504525,40.099303132593825
-22.29896829184992,-3.351197538881842,24.385333020684957
-21.06384203332301,42.14924021129073,-28.040460441889056
-37.19797171710328,12.40020844913002,42.82056949541392
-11.182449331550288,-24.236615399447643,26.515220696918682
91.09705381632519,45.03994312118055,36.995207727189566
-68.28769706211916,-22.834673138074635,44.09942187502546
-100.18574378173712,9.208867895495525,24.549005870680954
99.66633412139912,-56.867399290414475,24.6819613008878
-96.60094432860711,-22.34526912744955,27.770678013300362
5.54129365012187,15.137957658171734,1.3318274053099621
55.84439748352244,7.999266814404702,74.57929264931765
-52.68671324462587,-21.545898142727374,-28.361356569081767
5.459898857795591,10.533103596798151,77.73357106608039
35.466530709066035,3.8139264680782023,42.80280639437761
19.008770240563003,-1.6254614963484424,-47.378927164567465
60.44312222685525,-4.593898575395306,-56.539395187503835
0.7127409160199267,98.73811951250232,-27.247053791237473
-77.00219329671773,52.06054772140219,24.470425039896227
78.99661203894799,-21.620533720540617,-21.879240988530555
2.165699987238504,-26.16766905117702,-68.89821357359831
51.89537016135904,-118.67669892499062,-40.43841524356632
3.4695611121960828,36.681392614278614,86.88150172005518
43.90372253438653,3.4471013134687647,10.10230725339399
34.9211610110563,-37.537350062837824,-9.625971451726102
22.293907940425544,7.570289764192937,11.91666967768208
2.651007169504647,-44.937638168109586,-8.892943421090749
73.18957599351684,-34.68594854471775,-0.8741982608562785
7.162117991071502,1.590875845242013,47.16706371150171
-35.42506019030355,35.12511515164556,-16.570181094413265
0.8561274994876631,-50.08369270459003,79.10201891984116
5.208626993874246,23.7505709282606,-36.43274232691046
-31.283998017527892,27.150050579083054,-28.42123033947033
38.19493139938995,-55.96691586152001,-58.15089299875523
46.62168827529937,-55.0262757199127,-12.075188604842973
16.075588552202696,-25.21185027989525,37.12103159088875
23.899546289814694,-5.859988303355598,28.877686545388897
-45.093613424997606,2.2848354652896887,-6.134210319125496
-11.487676089423447,-100.1253330771172,-4.11407961099577
41.87114134144148,5.462941377831501,11.618339145946383
-71.05319849539498,-81.68568910203092,14.199918660304077
-45.66646947372954,-23.174346199004322,-24.483418657456582
-21.51215271078665,-17.381889548208925,61.964041530914905
16.852715884055463,131.96198579378515,46.23974264061424
-44.20536796462023,-18.056157860573183,59.42831201339907
33.189380056039596,-16.99726187554677,13.68561245278882
91.52260287228307,-36.65769758977913,-14.888720093301572
43.04353002716937,-16.118138696717146,-19.098041719527487
-17.383157103308083,78.7246978555933,-20.346000958801124
-22.91674488728171,27.719759658486478,44.53429617355892
6.629738241631157,-30.239522398521213,61.28054013673667
-48.40645570961748,-43.628365840323156,55.70845154814548
1.6457094557685565,72.51026836362914,62.92294602324626
42.15579698493316,-2.5159003738900663,-1.7760471510650986
-40.04821569694424,-16.619054112963326,3.9812877392487542
-90.91216642736906,42.82813881819763,37.38827520545854
84.8686045425227,45.051130053484066,4.198651415916186
11.771677813799654,11.760925787125043,-23.64026120772122
29.60891712982894,2.4862116532227754,74.28108141600111
-2.311932236624936,-57.474291725423456,-7.692557018385785
58.38493389019084,49.54513096996966,40.315204186034826
20.253044352573298,-89.84496599469267,0.2065401635389685
-41.109313169530566,-37.595827320145105,45.692106634904164
-46.80340975342233,-42.582622793062534,-12.770151621544132
-32.45572879471081,55.39153142573649,16.994129012707088
6.554493638028684,-126.47913479066824,-27.01545720394356
-44.35107508263481,18.44642424078111,-29.48349249277221
-69.50446642055059,-18.15235725640396,17.31966896679624
52.414832854178734,-15.867820641908843,-11.675772467422423
21.921330272270335,27.1951624765373,-26.275020074831563
14.021917440152995,20.778938892108393,-2.492385089191093
-11.28789590005893,35.169678761779764,79.04949214175113
-90.3417507611866,65.09198639245425,19.552106047833156
-36.1220521166276,-0.4623483741152652,-65.56076561463065
-18.68765392004608,-40.31194889058853,-20.84516471182958
-0.9634319877008575,43.75050808992385,-67.05544618440742
32.07143460086962,-4.980685734039093,34.77625888706416
-27.778485412557167,-69.06228343919796,15.15441633491386
-99.74841457039386,-37.05061473224462,21.23395338219356
-75.30997384478763,-34.222454666777146,60.406753692874275
-8.157907023999288,-71.39356341953125,-35.219645644494946
19.153047303927554,-96.94649205783999,15.350014075334256
47.55818965525547,34.51615581289457,39.35137801356096
11.818337313941754,45.73778529345975,15.836013089198621
14.36803476752428,-20.92167225098225,-58.51793582366791
16.61135788580288,-60.40084801415328,82.23654069958697
-53.820072470797896,-32.37775213524448,-43.72631170383015
44.88993661872583,-49.985669061209414,14.278744057294714
-59.769060953812584,-39.64828755957474,-40.477533396243544
11.84204685586706,17.137366249240387,-41.56177840381299
24.274668887116157,-6.8673938242130275,15.117491884755598
119.38877515466349,60.19034553550775,-45.10151755463378
24.896897593231788,-5.857776070695537,-25.475358074287403
-52.63361125684568,10.22064405532511,-23.122761242375365
-39.44755805084778,-24.210791215459324,65.58814170148973
2.7847947582401535,32.114439874540345,1.0856026522121005
4.44214396403881,-96.9383185184595,11.884787392805473
23.605084243824795,40.47669732372641,35.02985622799574
34.48395642234767,44.323585786474084,11.098486482440995
-36.67800657954766,26.6533110411221,73.39239934162691
-34.136949228598795,-5.013442865951023,61.995017708576235
53.88091195523907,-59.20330197690728,-2.8501177624120237
-19.162040189106644,-16.484032631817993,-0.14527714613356432
17.37313301161011,-25.393648686474336,-38.340900141797064
31.354932832762476,31.513256373550483,-10.269517186374175
-34.407043499154724,-9.886302535508992,-10.699881869231294
34.628040609346094,11.519714101290596,22.623461555692913
-13.118088173897776,11.466047309714725,-30.79292858453451
43.08586647821172,-32.458292965236545,-86.18301000609823
-35.28403940187168,63.49819652062294,7.784189885794037
24.36914370525568,21.727895597128317,-26.583530849787966
-114.13479895501193,58.235450108135204,-25.783251762148286
-31.76325829461358,-92.6939845152618,48.19665704411868
5.279937464355751,-78.48891636532464,-16.654199079113667
19.718314937261752,57.63279809477408,44.62235096360131
51.1491578524993,51.12527168512466,-78.2553407920764
-48.915821935237645,-27.26562166234749,-33.39273733144054
-64.17382704035063,43.55464409067535,-25.389158601121704
57.43366804031073,-75.2632926638662,4.246050534787369
45.056860293781085,-7.056682323416116,-47.24422382975045
58.88317905827269,-15.442013305177712,4.886256706638463
-36.937216840388196,4.882394973136522,-62.17899892990262
-14.482507091441413,-21.41397742795358,-23.022181314323067
70.21157261208144,-5.656657332311084,-27.305740388160885
-106.91155140581604,-2.745992129477198,-19.8074318956701
4.740297328553769,30.507962549283935,-31.785512234726472
19.28869863273376,24.20339380875473,-33.278298364004286
-8.428832399650691,-9.14508195606455,72.94957479776367
54.065446208861836,-10.029053374378865,-2.4138641809410077
48.663056144301876,13.691042672661498,-150.51255492153976
-37.60816541734462,-13.959265844644262,78.74211005994162
71.22052856684387,-53.21835385708568,-72.30605925663802
-19.794689449691713,-57.6223111635428,-2.4607319281668816
-38.32941909704164,-8.05912851416968,112.45507534762639
-8.092666405462868,48.052966696709795,-10.839600631675923
-66.22858643223407,20.322566029714444,-23.375078544632085
-28.680852418510714,63.0846073094284,6.684683320510357
27.715295269102988,46.0176885740218,-8.17114065617414
59.092758828902106,-40.83013134338846,86.47519568745706
-27.83174896252877,-59.188716329732735,51.90174402925984
-53.06663653587034,38.107596160851735,-8.36005988368623
23.465911058560156,35.83732021285544,4.67918535505861
118.8639688133639,-35.56633874688446,-65.72041385082142
-14.860623211107443,-14.826517375615262,56.78793083828366
-65.24589449184172,57.69989436094616,-10.104301146057404
115.73344660991567,-47.1466519391173,-50.92629868696065
7.604217550903968,2.0984978912809575,61.17244372473831
7.432498331112818,2.1893203003359387,-13.410665258926201
-87.22446590184856,-10.841394471345914,-37.23350799008493
-101.51393821972871,-10.832404032640584,-32.63615657504088
-25.888580237177006,7.939520484928122,15.768544221426588
3.926384131298746,90.63757724996319,-66.12071200988835
43.1737656117978,13.095161219531018,36.41008223857572
-45.42930540799898,19.644692947100392,17.530184966495142
56.30085417661037,-14.076844227489314,-55.28836230303059
-40.77583250911465,87.83027706424656,-8.360086218752109
8.285906665366861,-58.55016185516309,-50.118082057854146
2.72817348574582,12.517414004502054,7.916619945190381
49.003393492775196,16.025584158150636,-7.76686519571674
-29.12069993354633,-18.34107798458525,-15.705760337475219
21.124176087401736,120.3459394438248,43.80671002355133
9.415849523394604,16.694579039276952,41.91928823185499
-22.364717337581787,4.950152293424062,21.469040591833863
-59.23233545878988,66.0187875363213,51.54862065341121
28.98268595878239,51.27636795056309,-49.68760095612284
72.46172998127578,-49.243906982624864,-30.705305700090513
40.124519756490855,-29.33982849285204,-26.770528082493108
28.78035050003804,-54.657469723365246,2.37457015383529
65.08065730075637,-25.496195667517583,-23.547208754524874
-0.6147215933748335,10.065767953300087,-11.51658873931789
41.699535310865514,39.23656902057086,8.925934380443955
-15.749476098226076,49.90393332888442,17.719719640367373
33.8785417985442,5.19705561249296,40.71491903475912
15.137494465449825,-27.836761808580267,4.524562516173617
3.024559545707855,-89.07596120665426,76.08564267289515
-22.6950744413167,1.0653619747366774,71.45952592059052
-42.67648227868179,88.99896536061631,-15.266094476719442
-70.8948017040253,52.05802754691395,22.05300013246015
74.98358617021857,-7.317658870144993,21.73346412382914
72.89223802526132,-5.75189089117436,35.080282141534454
-9.859022306826644,-15.911498676526229,-13.760536626082459
27.757882439031565,-39.42988335509731,76.49723648918862
31.857531592466707,-4.83963168735119,51.2538017550626
-23.23472647301711,-67.09293100417355,-32.53638436892667
62.47992571722128,-76.42561932961414,52.83653552082234
-9.382716195373515,-35.23195725554333,4.406946628115268
11.60128217879169,-23.296522617140365,7.172710752390067
-74.80462005038981,-75.55612024202969,-46.94075775378391
-36.16660264034502,-56.631602396300266,0.7367706351739431
-13.870365669045373,-14.455609427493673,2.0691139312349103
66.85380188189413,53.21450044211139,-25.786096187198538
-25.91136958803258,0.3405290616488943,7.758802703204177
45.97589718376805,-10.000189279485086,9.407527752080375
32.83809872095325,-0.5728959139383719,4.526380573741352
57.44121104552553,-49.804440775677094,-65.36803632135265
-59.29780308451781,-31.088568169379485,54.43503665131794
-74.96758804270391,14.342927909953021,2.4497112060304067
-103.0627840204342,4.135815518297439,-31.900355729219815
67.58759575193574,-53.19534414245801,20.12436316231991
85.81084491219744,8.487573097377034,35.633479975023434
-1.5305247420355594,26.34417698312725,68.32201992739094
49.02094355997739,-40.76708671929972,21.852614711214077
-13.272610482982405,27.15145163836781,27.311622888364774
-46.19490160058477,64.31771485813518,7.583287215507133
-9.583366161556519,-26.043545454205454,40.5527004320937
-57.719736252241326,-22.41650059987022,-12.868029189371784
3.796653441606601,33.38744620682527,-77.46725783691915
105.93856569686974,47.87941038073795,-99.95575748502075
25.123885568295883,49.90324532305632,-11.95262538045466
30.69824271842559,-44.847958000030594,-54.40613728309668
-24.007683778780475,7.961465786100585,-47.35039409753758
-2.2019979969733696,35.86169652120732,23.941290618703274
32.36696550704888,41.71123219357233,-36.09076655507061
-47.438009460785885,29.59533946312803,80.21925936349828
22.761143919240904,7.123202103569998,-38.29849364491866
45.06566842550547,22.798798332881894,-49.130562706395075
105.96562227236907,25.847698397417535,-17.909773969369045
-71.86298200684008,65.55254175525465,86.85024578491691
-41.744414263274344,-2.699557843838949,-116.3838747364844
34.348281716126124,16.652028173364396,19.391265414750055
94.63974935504304,-80.59673982550424,61.5938032506941
33.8079971991519,-18.550772070841614,-43.227826808151164
-41.63025524171562,-51.12805344436165,-31.679196710894253
-4.29683912531442,-85.92822831124191,-27.97123235774305
32.826491685567305,-56.557458588860385,-19.022496763536836
36.80435702141085,53.7263362831879,-2.7294923311019943
-68.69127674016521,-46.748688108219085,12.792105229144953
21.20088311908558,62.609437107761764,2.2530703033360244
-44.826170594236785,51.44593492796057,-49.740049175951334
-55.79969949639099,6.956052952524274,-39.79280656234538
-13.021047119652529,19.64965642233177,-25.303920970797186
-57.81232439866425,50.75718757254261,88.78067691495897
-4.087698042640932,108.71647413386961,-88.07605079900425
46.005876325718674,-22.066249551529367,-56.23047387047991
56.41549630696621,33.27189185538874,98.55878071390161
-1.7564839557649927,-46.96093573133609,-62.120620471286635
12.220516675605028,82.44153154540544,-55.80510437461521
-31.17987882647668,11.485199590322026,-16.614487698700454
23.274561133552396,-66.81654921476354,-7.10711562684278
62.46310822648533,82.32455283533642,-71.84508626011139
29.784580792886075,-55.80770704022385,-51.06161427732699
46.584468823965,-60.95297477923846,-83.14367454631791
-57.36862240145606,7.365385549082381,-29.004293190584896
-1.9593600075070323,-88.9639792649381,50.477607252281096
-37.513564298119775,-26.039888174879486,10.16220456488053
-40.71102456899361,-29.05084775272697,-49.31707306865634
-59.934483219411256,-21.931724736618584,43.88400511181844
-12.485939524728462,13.932621671588345,44.13763041508648
-19.299027654300538,27.55285525708808,-45.831641807787776
9.03192832833319,-11.915799235521472,10.446174609859824
28.214349315484863,-101.43226435135601,15.436705107941048
29.4395663570724,-91.24904683268946,14.577305760176714
3.73054071977571,-23.779051545540334,-48.22053511918717
-104.26624852203976,18.267459481688718,-10.238375860275669
-77.23536126786759,-50.14157164229885,-13.267761223884648
81.09116098225502,-32.01611317220847,64.5009603991326
-23.896697528586987,34.481754069702035,-17.26305457608039
-16.995106304054108,-10.653171522938543,-21.98218235537692
75.17323360889289,17.56256945955695,-10.77463046627566
42.70371297897871,-26.766124491309558,-57.58531201365802
-13.229162165990184,51.49856739924432,66.92735154751816
-42.51390247119337,-32.96522358922942,-8.886398954646316
-70.88853417694092,19.536480599803795,44.61651127385559
73.04492938954836,-44.28160530705149,-36.768377959915064
-49.16546466421082,-4.5495995323046605,9.152311389505032
71.24822603373626,57.68181827830013,-45.16433012627486
40.62049468608583,18.20326245089712,124.69694728647744
-5.0098336505232615,-1.3292324579738626,-50.62572938276061
7.670773892134704,57.172004611563494,55.25548505819006
7.435888451027483,-35.591784810607166,-27.033242510023122
19.435532656854797,-38.98667156886627,-52.69596548476891
28.4701223952117,14.95781707184402,40.75615053002617
37.016278165879314,61.38264295607083,-65.75466305912637
-41.046781970899836,-39.377188011733075,-67.45420008016508
-32.82127482745569,-75.37873209618617,-19.664728927816387
48.6559624956349,54.03695423450697,58.820281434579975
106.44186402096796,-17.00826875370246,-2.7256519244699935
-44.55294953744385,7.878085654943071,48.85412426608373
-9.837850476682663,9.022773422687555,53.759437096108805
-67.13781310750362,-13.047216118229667,28.873770679041378
-48.15595772662086,24.84047018625971,-40.099169921893086
-7.917709304139283,17.135763442882062,47.96985625228287
-108.551546432863,83.10411662710843,40.47492890644678
-18.403847501757696,-135.77792604282135,14.562655171792114
14.737548715633098,-34.21348774522222,2.1097405922419266
-21.695349994695356,34.43529629318309,80.37843502442398
-5.386313549920322,-44.53663232351479,47.6974364587556
26.546886426107218,28.697936981587905,112.4374962026774
-29.58190674633767,0.18627181958388253,-83.78108978876426
13.898564497266689,9.846841817282519,-64.38747236644755
-50.097138618244045,-55.7959745211385,-6.250615924693612
30.12494978821229,51.33229709568924,-32.47875954052685
9.955132655577762,71.52316995922266,36.42889854842231
43.205999771160634,-38.273956979408915,-26.086859170534467
8.410017485727689,-41.59870939099417,9.568967261311952
-49.504579118932675,-9.78247223948477,-61.86218541875568
47.27701608541921,-1.498244241181043,-25.52441125651168
33.68742604499538,-12.959081987808531,-24.639894307974295
-36.1769443661568,-22.962332136773377,4.775035950746782
-76.67758923395748,-50.387167418191126,39.10369534688544
8.55010639655152,38.079974400678736,-36.51068190591486
51.37832578230901,-53.07286318895429,-57.40745314975212
59.909305624188384,-40.76175540027924,43.61951091065793
-29.43622530411169,45.010112841163256,-2.5140294145698516
-7.896009627430525,-45.26323257019133,-43.67027161882298
40.50137850791228,23.40954657658129,5.70783171418902
-7.305747346979552,10.626034881555821,-65.83598252647658
66.7844339068348,18.66675264459809,75.86276863909467
-18.217367303004217,15.620630396237749,7.819804632075565
-7.9775125592105605,-26.052672426598626,27.349766264261763
30.064319973600256,-61.077776360591905,-32.322507788595324
-80.00057664201059,-16.057725773040108,11.661999666287022
-2.944938182562322,31.386329232091743,8.552540808435925
-61.03209044530899,16.871613208918035,10.810240737383198
120.27885378348965,-24.626736516209295,9.185018681254911
0.8865238523949934,58.5980670561207,-39.6439100116089
-8.79031479859331,-57.834841311938355,57.089843796330534
33.036238046721905,45.8169798104517,62.53872599624507
-9.291701675460072,117.00334120676202,18.584266463556265
-84.84699202204052,85.96448342888839,40.42354056364227
18.809900628755585,40.343821336303776,-86.86874459549655
-49.83708600962442,-41.45060696250539,-10.740103068954589
-23.67339645106497,-5.912683978438014,57.26325094294785
21.85356570169228,-47.81725854474066,10.619065107073087
-17.874848449158257,21.27631334742527,95.0999014464407
26.709059170241467,-82.49794363296687,-33.5794869797597
-72.89473141968307,23.992278779982676,-20.292917051723315
29.676593223670917,0.762818886182663,21.59678158322166
9.170363336346789,41.89049152591024,59.62053540118534
16.604073068095182,40.49307114237869,-32.638608674230596
-7.218566283552242,39.23132570751957,25.290927265252858
-22.739947522329892,-8.766212607461995,59.940009576990164
-52.170794686561486,29.122153923025834,9.682289695572381
-3.870223398241511,-14.899851624276026,-20.08879789532991
49.19804549177935,-30.683531681982956,23.01478230689785
-97.73956233955228,21.310848139116068,43.348333600958696
57.17731793490894,-29.149565244928233,-75.40260443658022
-7.588331514769158,3.928849686150891,-0.58186007328274
-69.49167922747827,-49.68563090789209,-9.272318958690729
11.619374631765579,-45.16674717730833,39.548661194351375
-27.928598980856304,-117.5384325880904,-44.22512449974568
22.19098034281894,-54.58268222201819,13.550925136287809
30.008816417258018,-63.86885983871608,29.105922635264225
52.632942631556084,33.9055418477988,-45.428992116549566
-24.745945906123314,8.990801612827303,22.99349881361896
-96.90068282919306,-47.270273603865405,16.488617377782983
130.71268983866153,63.181006375318695,62.21061921696677
-30.004642481163682,-2.8085086785776707,11.562922654587757
49.22780127705341,-28.865126123486565,-7.1204731187585235
66.87993159602416,-72.12975603822815,55.39302489874599
25.754931140528686,-96.18802838026302,-17.206291352308707
-67.52608343659044,44.25619971544877,-4.875721659585643
-91.98533634030704,-61.64069600120802,-32.01395830888113
35.69978409803789,43.10576193348847,89.27359845301342
34.20993745185451,-43.96121178704416,72.41511867165275
-32.77458326240273,82.58584763511205,-25.497940046005276
10.67576297987762,-14.72045270748558,24.015460708899024
-32.42231730813215,-37.57430336394423,-52.43463035901343
-27.110205240318535,-37.80207935893645,-83.60028563073375
47.999041451526814,13.121015286446834,36.932928118657465
-44.45829549459757,50.10128028077503,30.21052251166483
-22.20373644981617,-22.41535798557779,-49.700965015655626
-78.06617061683073,-36.46258133159141,10.860751962658384
-18.432843696456725,58.96871277431624,32.11979052303208
-12.886431351745527,60.102906093832146,-67.07991543179801
-13.127936780051428,9.857984139621358,51.67901584823693
55.13296169625098,-64.52074979466668,-9.83683316096388
-34.78447739684377,19.73138440090832,44.61847767482547
-26.76133600254507,52.45637576005182,65.71810258048376
45.20529807771985,-2.8969036474156113,-22.729127101422932
-38.76414036278824,22.773575199003368,1.6201889580607696
5.6039340800264315,25.374612875465946,23.18549352255045
17.991398127128264,-28.30139122291246,14.97198576194263
-72.8371646583391,10.962013159012418,-36.42768167154048
-54.32698912606277,-36.19799784490463,-44.68963479237668
87.73984358960956,24.563984577029505,-16.32462729646993
9.064325615843781,-62.448501714576985,-39.14398225825273
-32.364852671673695,24.895600339632846,-27.697901698820292
36.596820803253166,-3.1451480850896627,24.752723518735156
22.77595034732407,64.41286802540795,40.10462070821153
-37.49109063653719,37.43893254455278,-4.830494240318747
-42.26899254770036,-61.613421425381546,-78.48483384435602
-9.595782727991109,21.136525876362597,18.11661967642674
-6.477862356386604,-2.153984581626018,0.8123044070338267
-37.58330818869684,-24.454112073033908,9.265237875070778
-1.2208874726340881,47.53665919109667,-44.311654134653914
54.861610653311466,-1.7437017631860146,-8.63846875870098
37.178914680107646,-68.87142280633108,89.92200823121925
-26.707375330679994,-27.283963693829453,-57.88600541352707
8.67676147095564,6.848336885861417,23.497284277743592
2.568116873332512,8.134429605727695,-16.789231630220616
36.52467044535958,44.40633166210952,-43.17716460521101
2.0505774673630985,-8.778759108127437,50.42850464781587
-25.91536256755055,-0.7805343622290596,-49.043754290446444
6.006261978889545,42.582770229916775,-32.80609115391325
77.95463000453893,51.256397009101235,-56.5277480197089
23.144225874010733,61.24906369831883,-4.109792828832891
-95.47033355130176,-0.555745721338811,-1.4443843400494094
-0.32524221976752105,25.912732446640074,42.73774757005065
75.16234664773624,-19.416300297232095,51.59004499759222
36.76880635562806,-3.752199366729676,-60.36008174272676
72.72613626839633,68.41385273353744,25.295969677493098
52.315693995448065,-9.699533825891363,25.363731020178815
-29.306998059962915,-10.0058900414533,-23.92429276105909
-39.774904135931294,87.19903567441433,73.32058055875423
-12.8048938689606,-23.952627492466657,24.16047133309611
61.90382096485006,12.699826848684506,-76.0604575938466
-31.956681467130206,-82.6889225487943,39.41598869851646
85.36293777097197,57.98994589001334,21.633883547060517
-21.421257148801605,14.62850818453338,43.57274788930547
35.638770893248314,-50.70659812347574,75.2960207792812
36.09184064642514,21.854625680746235,14.967242976149587
17.151839606511356,-75.98490133619869,35.025653834811294
53.38631744189305,-9.698780935781178,-10.71013829870901
56.83114945127797,-38.25403985067267,22.03321213123789
-17.40473380368367,-31.140544278555968,5.708688025462189
-62.35944179735836,-25.762835403423992,-6.803303126568052
26.44897282463033,24.3369004306326,-40.5973548721475
63.76181432350854,-27.25298055217196,61.309342727358896
-68.05971512968725,-4.173596195025261,107.49088590945337
-24.14350747949883,17.913907272355647,16.00687689308255
-59.837674476828525,50.09421337970383,2.0034584403202036
52.56754210796709,27.323399802825296,-108.27656734918679
-17.535134981157647,-30.01182290062308,-9.3456832716206
-18.37854777028678,52.25305501955171,55.49337484715031
122.8422235944249,15.528855324225281,55.25432666546395
-96.4305754520584,46.37882703902999,10.428744381300373
-24.441257017665546,-41.357722678493644,-32.89515111404551
-23.80836185337369,-27.196609060481272,-41.996479698037646
60.285043381052816,-10.608709207459661,55.81998578310802
75.18399290739308,109.89830899479364,-20.985598911977327
25.981464641029078,52.1490656891517,82.05008065190349
54.2760944027408,-59.6894365286041,-12.976481019002895
-23.686805583231706,79.10909359189614,10.308121489318792
55.44994715044991,-19.329775655534625,-39.34858275501934
-79.85003582235932,93.46770942705474,-1.0345112290235656
16.691955275314683,30.112219293372043,-15.66065451363429
-16.35687908332115,-35.0646506376318,-60.373853532479785
-39.697786483880904,-48.379577192540395,40.6625318248044
-38.14042426841803,24.609577982136756,-51.18152652176255
-79.46569234450456,-82.58634454584318,20.620608846219426
-7.774869882900883,7.527032578303451,47.7649933356299
123.64138344557146,-15.567781978677479,-11.312747502874737
-2.339669028504784,-27.242324776579753,53.21968814186431
-51.62154837526839,15.63985726870888,-12.243502480105976
-31.15001132078475,-44.54630504912771,-30.43497796857709
28.924957106206648,51.52700441867046,-13.85688845142264
-28.57794729030046,66.8482141198401,18.43754218824233
18.887796659169034,-30.776362017651138,-30.551924220160334
-74.47421827554828,3.065262870440251,11.06633344655238
-103.36108115434197,21.60311774112577,-32.80831293651055
61.86034890211913,-51.3455681799265,-40.52111681613458
60.716572725770895,-103.91066803934038,62.2785701940493
-16.987054163788933,-19.75272394774972,-30.363323873594272
51.595035407119205,6.804441532464417,4.4698477115389394
78.88317455501024,-51.09709876486129,-8.342158735943919
20.421551286271086,6.3811774069567795,51.70709740564447
25.838594180188835,31.208042178193672,-84.88862047267145
84.90160351439613,-35.1043844016706,37.611490143001625
-32.876058878511905,-70.56573596206516,46.833314534429164
86.50338837150376,21.437774765569454,-2.8996972332403352
0.7153196512110626,7.4304368956841085,32.59007722555134
-30.352517048464772,61.00265900954072,-38.928512919265984
-89.8672944872814,-0.7080642495388033,-58.004522300306085
74.642892393669,-5.756924133110027,121.19128223425976
-1.8026478809746207,-93.327670088382,-40.049179398313086
28.805483074331338,-33.835095921369046,22.50901386257437
38.25084686413904,26.022036941165837,-13.233541991320832
4.788319685478076,37.48093475220369,-51.83057661692767
92.75192393785484,39.32394752034479,14.420941406239201
12.489025097216969,15.431107241714317,79.79118613238266
28.30231775392203,-33.62961441475201,8.475000856715555
-9.727614405648866,55.54550656651161,24.888554401538137
141.31887023718556,-13.132514035206643,-32.70533876358753
48.05736326391308,-9.76740801293167,-49.24044121817634
-38.813105301462244,65.97611066130897,-43.20132674144679
-112.21641110774844,18.12766982433556,-8.805038185238487
-24.756365308970995,-29.64748315103022,-46.025633925708796
32.62342670435087,-131.98824359747016,-84.11598920787996
14.135777248969392,10.345522756336385,-3.952041218782909
22.248686790352636,-78.79757523974679,-43.563942582871235
55.91475278348061,93.23094309702913,13.469035520226408
-44.64934513051051,-78.21944819643308,-27.410611770390627
-10.069457785963747,2.3608070676509785,-15.228872298742072
-49.13895083185598,-8.051067770020374,-9.03639015914501
86.22065842454894,-15.393250074566971,24.36371774426998
58.731497510381416,11.911646597148682,-10.527021418563738
76.12404007423746,9.223131191724121,-3.166575575809258
95.24869366169753,101.97918021490226,-30.12967543268352
-20.671225447202517,30.378396153825623,-12.163250682231672
-32.3580531136614,69.6873530123925,23.314128407069706
-52.46379030641622,21.069418992543632,-15.43557142216595
-30.840363088463683,-20.809856177361393,81.98148585962383
-22.49350709300769,8.102460472556084,-37.28716951960991
64.70791322848764,17.39716512535836,-17.98045957623485
-15.68200075567954,13.862287511634076,-8.68240013632395
-64.39623374252672,3.4424279196135052,58.90847006843724
-29.46126264288028,39.64839517868015,-20.965837717136466
-15.89405603102103,29.428004804037716,76.56216799958021
36.74178600933928,-51.09586950349835,-12.108666945862218
15.616576146460922,-47.89844560890967,-43.5114158720812
7.042794602089773,-1.966826274613931,-51.668639449039816
6.048489604850429,-11.24563294760044,16.53436393263168
-67.3713175352534,-93.86633242928517,-3.543797933451279
-64.13803774727705,-66.43070413030986,61.51479970288351
13.453137216294838,50.28217401492741,70.82987930827778
-54.71632771918977,39.25784958014091,4.252346569667819
-81.26113323107063,19.728557581913037,64.4068137877117
-69.52819412134885,31.465256970070936,-2.7956264800561397
-27.02140440899133,52.950115575738515,-3.69007989799426
15.089016256347518,-27.28605135669205,83.89735117481231
31.621314688719906,-27.916746527167643,29.34666583413715
-36.96739829835465,-60.01121724371784,9.483039835665158
31.52729112991152,-32.32050920992073,-61.18385359055045
-43.39764846659167,69.10646618052617,1.362661497295987
60.33074956240198,-54.174952839190496,-47.49899548987855
77.06625849224159,46.48640610952635,-82.7609184846484
-57.01507873354574,47.85592494593112,-7.583536812429653
-75.59276054426668,-22.42331255588966,11.741976742059093
7.859199590214512,-49.14679563418353,-4.701393865772665
-27.78352361733553,79.43910497419289,16.422344634723597
-51.09356938541041,-22.435990397691405,21.77329160468431
37.970357961636836,-72.12342940420267,-40.30562368102519
31.7616796914606,5.140756751450122,-18.534133106586868
3.3818477516348953,57.837168002200606,-45.82916049351801
-90.32448080818406,32.58428059548814,53.71034955947263
-7.836288605058129,46.12449133335651,-63.04052533868463
5.434764973226255,-48.90093292685018,20.358700183730072
23.972909838324195,-11.591475648534555,-4.481365376381925
-30.292633509344093,9.508963125685273,-45.10645464131431
49.3219146691878,-36.9214856708295,-41.603565005152035
49.182778217129005,-82.63139209816546,8.061254736976956
48.30445805278324,18.702574367987186,96.21783399957317
2.819720346300915,39.34784229476448,5.459325649536839
-3.7514328617212227,30.19786032191623,38.140497703248684
-49.39910395032404,14.179119347083283,-28.632166883749406
0.030218924605813116,-29.886445737362955,-64.18971675420678
0.22183093860705358,-34.61135096285563,-25.589754732893088
-34.61846084415093,27.214878525455525,-40.28777269548463
17.79538804728451,75.84003660758971,9.210554645276646
-4.5048052282485695,-16.773441564650806,2.4646869127573616
-35.744849818261464,-14.993441536211629,-43.973307212551994
-13.46911805705907,-72.51294911684693,-11.007806051310151
-34.19904304199663,22.347958343074332,-41.34300460597782
-45.98250388170015,-35.81423310209331,43.63780282810265
11.75875325960198,-18.795563588426194,-62.802397512538874
-48.554870884874404,-6.192270742476827,-18.66558563031809
-54.41351888199644,-13.088636391582979,20.91761437657396
-56.00412801138525,-13.934925863063402,52.908990074974476
-25.4974601935375,-56.98733797370561,62.58339035337043
-18.874484355344766,-16.591619366908883,72.98767911501534
-6.989524964257398,-10.676782260276937,-81.2754615921575
1.9793545127845236,33.48663458644459,17.95935881264197
22.354982804619095,-16.513625860570414,-47.52988004256365
-26.835129951065362,95.42411246131748,75.04959379116062
-44.145381840356514,-25.25097699347686,0.3143780181108427
-51.281860821601,12.632889807328773,2.2533971479104
7.108705951264276,115.6297347881431,18.917803910002096
9.343247371984653,-16.951883311276386,47.70401752474544
-62.58712966953943,45.79130095171206,-18.232810454570913
-10.765793333123678,13.558690039861093,66.69459398952544
40.166463298776684,-30.139035391996867,-24.62544141116909
-23.80500561323677,-24.25734782550882,-133.73082841640894
-84.0988335364931,15.514485942917203,-34.05993725609284
-0.3157642191663418,-30.190895940023957,82.89765287378096
36.05444578000147,-30.142938545207844,-11.991390884195537
18.537855260592558,-73.29006014517392,-9.030726407842455
-18.36922269596794,-1.9019268850904543,-19.658238656036538
-13.990816269637973,0.35668428942827923,5.105442428441536
0.35016611752126403,-10.503119159004807,-28.906473534459078
28.00756821855353,-17.025829728202453,-88.17857794664083
-3.3429938062164206,82.8349652189536,73.24376375691891
-50.786628141301904,-2.5087222753880694,-28.26695766804975
-0.4684483768291889,-102.06901149835052,-54.53913132036133
-13.861989071833879,22.119707142651073,10.167125341359135
4.082225149934818,2.721917457876294,101.91912938704473
14.31146157842584,28.781674641998027,80.78969577161472
14.324377878154081,-6.395625122048854,-52.677724770823794
-36.717641137560555,7.240609276154528,14.094810108807664
129.22357354786712,-34.0757820096134,27.573246058012835
-3.959096382725663,-10.653546332052665,56.56271161075599
21.152314354980692,4.181909309054909,46.2963824919827
40.040463855518446,-18.11234020213464,-11.22957555127076
24.451594926105596,-17.731384274330836,50.12769691416854
104.43381428438742,-88.91801118658782,-12.54428685278214
-57.39458154874716,-5.079518842956392,-0.03614839400629735
-39.43243960056271,63.284339480607265,-27.223930821776367
0.48152911333348863,-11.161864302119834,9.722976342443943
-31.708925047671055,-1.7385902927277324,-10.763170189270179
28.492275173442657,3.1604161656881558,-29.993377843245057
-64.36739993480398,54.37592546606497,4.747904399207735
-27.611720977769355,-11.880276104546219,9.191251524281016
24.13059318662097,24.62609634782027,-11.099627414100866
-11.29764049099141,29.17867795823948,-14.226463366054597
-17.11575288318899,74.46259317163961,13.765497267073105
20.280570216413366,65.05550595243191,-8.747296172491085
5.95369337785048,31.845973222965103,36.01682352299467
30.942124774926654,10.15060087049364,-27.76437413396053
63.03875089708854,-42.601119443935424,-25.97149436023798
-21.265706741826747,81.42816243888764,-72.24313753502935
-74.84497568433335,6.616620509142667,47.21823059328686
-1.7838655812320157,-31.114879412631804,0.9473193338125449
93.66578753383456,-80.95641180890294,-16.604613365562738
23.00116640267809,14.665458106845723,-37.56605158544622
-8.707657902910286,-68.08810556497943,21.105511038936932
-39.460400927369825,-11.378768228402013,-12.234680179100534
-9.642465548776347,68.62248744618263,-41.699919125879866
50.19871266510092,30.86417741051065,-69.8347986600002
-13.64150896769293,-36.98317212852858,-15.824595315474177
21.457072748985652,-57.28500235415179,-23.525110305748147
31.619299344276513,-45.470140696935296,31.086162866529236
77.77248495036001,-71.33851444670701,-14.728042173966372
-116.86395109825058,-6.7191748223462335,58.913425620439845
17.33232422284613,111.73867307989735,-15.609415864729682
41.56069954262152,5.35825589510044,-37.266495594514154
24.797060112101867,50.79340285528775,-14.80814089040559
-19.423650644420306,32.77518396174462,-29.90689428524136
-22.017983097369648,28.281774320928207,-48.232685741668256
-13.260163793330571,73.70002011246505,61.025856288046036
-63.187317768998014,-10.465171861917822,-2.8115441180346825
-10.597044384731122,-12.01143972496638,59.571002656077845
-49.596919813840195,-12.59552927329554,-4.537313019634657
-51.92824060836918,66.7592406851728,-88.10539411044358
15.778270512183461,132.5821420354748,51.95006100784753
-15.914502393922087,-64.92867409485886,15.852596311580289
-114.86445854138036,81.15315423763131,-24.795875091684124
-20.105305978506657,-37.299967106912405,-33.684591319154144
-13.70197039805393,37.506870768308836,-13.635780526319758
-26.017014734467118,-43.141350708791094,-3.8076254033517505
