188.0065220219345,-98.21118532453018,5.000153034406718
-493.682424402529,-384.2584525593731,386.2667802315272
-156.69808113309756,0.9464733996644484,277.03675839068103
15.053295658700147,11.801453249360389,-179.02860709506487
-77.11126792324855,102.95895989636739,-478.15286249716
-184.77577322307843,52.323735743708866,459.2923592153651
131.73993863811782,-39.88495247873827,-27.765835628355152
479.5643177500199,-91.17166134967084,-213.40601846347153
-39.91935705427481,-446.851757875651,-477.9002771125104
107.3510416882509,151.08061102562232,-31.615774646680933
167.21929419290367,-116.82494520504325,57.768526120209614
-243.09459531194665,91.9951615495201,176.16642972575423
-169.746815669243,438.5589019307817,241.31939346552866
134.08698089981584,-21.84900521815248,-266.20141947264
-308.05015921285394,66.46733856694863,-53.3994627237188
187.6568128419082,50.36538072396948,318.7000662982806
98.2153412982958,-357.0695434932684,-132.85613108809875
424.96085317193666,154.01251329693014,-570.6648840287576
-368.765090393321,443.6024286627358,-92.83719414921883
-5.925138530699414,-63.83252265072949,-167.54894923153915
7.4780782052559385,18.279580811169385,149.62681891881323
-138.4160907171898,410.15043482314,99.85529319311007
134.57710172225617,-56.88590066460912,-72.07546167511106
449.7714210178814,-191.16977703314512,34.1379859420625
52.1241871875994,100.14487362924469,25.72145766500231
265.349507562984,63.13374207057383,281.9896977103978
338.77250123630847,-53.461274607620936,-405.5668547354825
-91.21138932752775,-506.02409133429813,207.00413260333136
-15.807587986255406,-224.8605625930124,177.73492920615854
-16.07063681047932,-21.762442436249554,294.7040192671069
-151.46652758309398,86.33224697845374,55.063507829908495
-36.938104481994536,8.091955370073237,-53.44099886146811
18.865034321299188,52.38009336231026,-178.4679396137909
279.98948205431884,19.980956142376638,187.12709504972864
-101.20889411584064,247.12793605390047,-17.83000510852938
208.34218494509582,-167.86385371960608,-161.58910355954256
-97.46819599981477,-42.089154128848165,75.47177410345564
-308.18178812754513,-4.177181682422195,270.0712273777926
-297.70970589629894,-282.9954669720001,-314.71504845753253
-106.30245444561962,-129.09874539350523,-88.43436695611314
-213.7490470352433,-36.896253440328,336.8552234543216
-203.46260700956617,465.90629227800383,47.675245611572336
37.712997769280214,337.00252153017755,-53.173894056033994
-128.97648547344463,-229.86335495498832,304.4205774652657
85.7404313536011,-28.255543221809216,-233.61528389047666
-262.3048547300322,-173.1885623243594,313.409353007678
292.93623030628675,-0.6084963340141744,16.669921244784028
-101.74694015138236,62.337996790859336,66.63557368940931
-185.04209773293866,-149.59216888855798,-35.54822411135509
-20.134076787947247,-297.74143827140256,144.45169522404663
-61.637436433872416,-394.952518203629,-77.9078798273914
-1.2457829789710542,182.57298852191778,45.26779544943403
-200.1423514252934,-211.9545278953899,183.45846950445733
147.17520874762465,171.0222439761632,205.36743939899375
-145.19161247612786,100.42562168613082,-208.50193259501825
6.290371508774696,-120.58907142523482,-369.03734026657384
-113.10007679455985,-219.42640614795448,65.11422519753731
-321.68785404455866,-53.89192505601887,360.3443566720269
218.55342804512728,-245.1103012323587,-204.31658783686936
-317.6792038816557,-149.47266978748308,507.5066312007356
-334.8404569192104,86.16423155796716,-1.0636201794519347
5.663832412590465,-109.85566152084121,12.276252672863839
-26.487109680654726,-29.70715335903476,61.02454999139306
-349.06460246310576,407.31198305714827,137.43074721557272
6.868185712726613,344.42087924807214,-14.258977656139669
-210.0384890961582,56.774549344636064,-565.4658814018345
322.0842569989209,94.52517287949986,-204.96831015907767
19.31575793563971,147.35481776401897,583.5782353444359
176.70113602221392,-140.22588602193946,-365.7540769879354
169.97927850010268,245.88439159691666,176.21019822885788
-91.92708699255436,-37.96499193612575,228.20141816310158
317.0422415119797,14.914500421426432,-474.9475624059107
21.259260674568743,-101.1327938204601,-63.240365371731734
-151.41555057223476,33.95013564544124,12.361135203044528
-114.43344327357379,-129.56602879012004,-63.04734588855777
-65.30701584955096,42.80663180027101,446.02606623748943
440.5440292968267,-37.55232101203942,-63.935924711394186
77.5084207228334,397.4526635737105,-189.34364268030825
-25.4067846481231,-111.9268653500694,-82.9191201846205
314.9425031496448,1.965145659899274,-95.03185916425736
-3.7733061102744476,-420.4793754746061,4.409848545988105
106.80147385887769,180.60839398467618,131.60581670116412
167.71460960678323,-192.49020522426528,177.72563402826822
-266.1868196472278,-457.12678220769794,-133.15192288851418
-265.24379671035524,-469.2563943834334,154.9053172954179
276.2955016080417,-43.69375380569089,317.25713093776864
-302.7564159696506,211.22249856427698,332.2211757354813
-170.44464725626784,-333.62214115515377,-140.2465769475619
20.107776085388625,-25.895571935295138,-6.244040790232502
-153.74667699505653,-30.718152741082694,-217.5899258643435
-266.1011756132527,-104.23858362587407,291.219115891984
320.7506810536902,-186.56152021155918,42.4543100595845
-685.3030679834617,395.6094703481557,157.5760326299321
122.97099501969707,370.24119841311847,248.71507125058312
141.15707649841323,-63.491435129666534,352.56029423621743
-357.2055605708468,107.57402279532285,-44.47757369788754
-115.21827355100888,93.07832399433711,-40.47383641002621
27.36885811247,-269.4562245097325,-311.70834657178455
92.93046628328595,64.09422944973,-75.45581047960138
-117.98020966193906,-381.1867081278795,-65.09639591806624
-123.79262612950936,-298.7789386260205,-50.89887046549679
400.8219029928167,145.97747987565026,-269.1859742164379
214.58025581741654,74.2201422522187,-46.73581237929368
-257.49470145432326,-365.96698865752273,-93.45504127648151
93.96013242676754,116.67625012112555,-46.17959518727108
-70.72865903014122,73.74570009186047,207.94304289856387
296.1367238435403,11.824401232887027,321.37518479850786
-84.96647388052176,-28.950287389035488,289.8954274380634
-74.37503958399348,178.0800145305439,-541.1716565050286
-111.36425008565716,-246.32308791382934,-197.2950464309802
-165.70706005588139,235.10533625771646,139.49135664226154
103.27412881214305,186.4726197057713,-196.3552835197598
-8.954742187702461,-324.0997206264866,223.63903710361086
-91.47047894257334,149.16937526236043,-100.92319731710296
171.66961264873137,-88.72038048321835,-168.27584830661365
-39.79838222500005,139.8342539276004,-183.45054522948513
-108.31795058580045,329.1155996137367,312.1533324887678
-257.0838978839615,75.08536541806122,-425.3732774218397
-46.523726736420926,52.291953433812225,171.8413212453538
-94.66013737314034,-408.1924220009886,-465.6382685872066
-331.47384011614304,713.341421344506,10.132478248308194
141.35228585153604,6.5808389454943335,399.2516127917937
-39.363889108391824,46.256638421337186,-189.37274315329313
105.99629029016647,290.0556613026615,-203.15059318046013
-48.81004098261661,-295.34729499089707,-121.05681184967447
98.28823986850252,-169.44663878188493,127.28126241676077
-39.89952014239374,303.7363057139344,162.66483000197414
-14.03540854109771,147.92000586600466,-303.9766104134479
-46.5089317755222,56.11992158362835,-9.148124277497375
-93.42288852485063,-41.7088627638667,98.04624749001853
-57.55732092757066,-164.50741676131395,144.55687655956172
260.461828137437,-386.58933562840747,-59.51612977671697
-411.79941683590584,-273.27978909518083,-354.68950108108425
-174.25099092084994,-369.19991016100045,57.813000743521
-456.0013759458163,-121.19694868119888,-96.85749681013948
-146.9534810720411,-89.83296205467386,104.08312610233801
45.66778812804965,243.47194194508037,-36.73400132456688
140.3186053295241,-283.20373668508944,266.1361802352517
-275.6659161958966,-178.68926000413816,8.022100443076091
185.23890143228545,-65.82399878760666,5.301813132890731
332.2075037689832,117.0383167893375,305.91160294378466
372.14791121047665,99.76765916451555,-183.01805546053117
-123.09641787570769,-144.62343561365657,50.807965917691035
127.2055456625393,-22.453673856584224,178.74082848785952
-187.4164746276704,258.4368112412035,59.95889976489478
232.83378021441675,-441.2334148765184,-326.0293050974078
-324.3553479909086,32.7436822005073,118.67291022722631
106.74379223322705,84.80546198526977,-187.45632664115683
-286.02410595075474,-363.2588534820005,-215.6981785365204
-476.4905954883509,-433.09973047871455,172.87013621421096
-8.560429332630624,-187.20683987672476,299.73554101301715
-167.69763860328203,183.43042343348796,-200.25574011171304
73.15479216109229,-160.1698702117565,-142.1123793425924
145.9459881526152,-86.63709979319407,113.47321640107954
118.83987089070814,-284.6223831141864,240.88653435014785
-124.5372633344565,-82.60625189677015,-42.774863320914484
-134.42302645024344,-233.68949319626728,285.31896305785597
-368.55321099600707,97.01916367968695,127.49236128777771
179.5407725483218,324.5077137041154,152.0655225166057
-296.0957947419023,470.99160565723645,339.03788436070835
-330.04358926709057,-431.84646298962724,304.2115359090451
321.2046365196737,84.0417991989407,6.356280629301725
-519.0584032872027,344.7327170884965,144.31733002124352
261.09506754648356,120.29383581929967,131.83917842009606
-50.539754171909216,-256.70688262405645,-246.35666529042447
171.36131225790794,6.152579578685398,-144.53912124575152
125.39223076529281,-49.82305080772232,-3.6657382538179344
-108.29987005040797,-584.7855394372084,-333.2356022525998
148.14071233974943,12.26559106344876,66.90482978098939
-174.88487557472828,-72.27388851466925,-328.13457701194625
539.5340893614809,373.8561456782741,154.503602848313
403.0029244531118,-162.18367041604435,41.57831455304214
271.81394711638086,-120.0043990083309,352.6002732305195
138.5167001635108,313.0651914396632,-26.672185876293213
-149.08608282610388,51.298409186013075,-165.1628465872812
-274.39153597360377,384.54072654093056,-231.5493007409129
307.53009299913685,-77.98895769552874,278.25973025240893
-99.00349393114465,182.1068494454808,-294.0517995768635
341.28828941515036,11.938363814770549,508.53678799341736
-0.1301772510777905,495.128105259721,-420.23022253542825
-156.89784398435987,28.748648311960675,144.98391018182662
-242.52407152150715,147.8788138528735,-320.5014861911029
116.60776915877184,32.59439230171788,-305.0245223103022
-96.82210642754072,-7.944562615725743,314.9010188962301
-236.9626798054866,117.16480111133724,-74.75789280959535
-42.655288384328415,402.7025544471998,-407.9844915619761
82.81433508932834,-52.92765290090917,177.59210298109804
-49.60727071121624,-398.40911877396513,-219.64549224591377
232.63103916860314,-145.339746471595,753.2179754759874
-13.305457652861095,-341.30141832020865,335.62570960305976
-592.8156552418999,-50.827220196888284,-261.3346901545493
-137.0885323853526,34.24473306689597,84.59019696678403
370.2325933791552,24.082136037658184,-278.04771468252335
-260.54145271602147,385.4471691153517,109.77387496825399
-225.77983430413306,621.2171776790502,111.78967054901821
-515.9264976386158,-19.63662955131998,107.43393030582236
341.0014169181594,493.726445342394,475.87479039982554
-67.70553300312513,81.89718439784072,-76.13282629497027
344.2135599256342,381.3465620269311,142.0926069888513
-651.3693143183856,138.67760062786923,417.36965173949034
-158.88591741294536,-234.8192294345387,-207.67628519823108
-32.11384242550452,216.46044603887705,-400.42185267287186
-121.24244580126515,-250.96196330281367,-87.03937793161921
88.97454754933666,79.89703993657696,142.66714381773292
65.7459203179028,5.7713139213391065,-51.59456628877023
319.39814656528625,92.9855070281298,24.31031104637624
-359.18039059863565,397.27175795576,213.09352697279974
292.79078327176853,142.09044848529433,-31.50788071342671
-429.60626013394227,-101.1822402307526,222.715258194355
343.01268470284367,-249.84337676004318,-492.2632753661182
179.4594550850001,703.0902263314965,-178.8552539600554
26.78304995941356,554.6332029054385,345.910203271857
-132.43279997876988,33.57211895509058,-145.1743224527501
-401.1647725329938,-14.328168617193779,253.4211699309848
-333.7933520502039,-170.47810691605696,159.77559427158334
-515.8579376090794,-259.7904286778311,26.50377555813787
-173.27153102068434,-27.90038979702651,404.0917801255967
72.36184592431113,197.62539649558656,-50.15396646574102
179.1609477384876,69.13483840132528,-99.39666561655335
-124.96563471016985,-483.6666123494782,187.27860844834373
108.61725887620759,-106.05997925586793,241.74731846895688
23.7654609890728,-99.47320220748652,-306.2767419552577
138.97594140623752,-1.2701921786671517,276.9255876226295
-174.89586738092297,-36.99043085050068,-269.9063184822986
471.0717010315201,579.9716580740119,66.21181341340748
-8.699530947934013,-85.72615293573351,61.622255913634376
180.10247956488072,-134.72186652262937,-31.99695787673779
-189.30840724092675,-135.45071565036514,-426.423052304989
176.8218941023817,-163.04116258830868,50.692226103538744
103.30970770197948,139.31393729399633,-144.98330789262275
240.02938292818087,85.98929394071251,-182.13989193343014
-117.206656257448,-100.65376659597618,-204.08591456596855
208.63556973682702,296.31008467505376,179.7621537426223
237.5022925543567,-613.1499911197935,36.79067945967383
-112.09060802102104,-134.6960769602412,26.76351231924157
-79.80348232446104,177.19692154354473,-412.3080373201454
414.83070698351565,13.923734803628074,-81.87053214560908
14.984860269207905,144.34582122735782,25.36159195669468
-67.50383811527082,195.3537679416486,-233.92650183079354
465.9022166582963,96.54763610684881,137.05291018702655
-158.24963675063327,-105.87254572216081,524.1533060670745
-231.33990204364065,274.41552120752067,5.2212134629090325
364.53033342514925,171.105429059501,185.86438248236416
-114.35815720997682,27.894160047229512,-42.24491316326532
596.2658305921973,303.8974887701755,-16.591000627227036
316.1483149133952,418.63384974325294,142.295902675267
-79.51770988241576,444.66536528738254,26.971129749763158
120.0540057756612,-47.757348051332514,163.55622329996058
108.26753266018783,-352.2410466953184,-21.055555480890487
-269.93087667704737,-301.84456315354043,40.81877115105296
214.5060145617149,-373.27594350240577,299.90740039460616
23.47332353130594,-408.27616023919757,3.4576021032139175
-209.59307811708126,-435.59038000852416,287.69339482610525
-398.6529222521952,265.80615613970997,169.44462709877138
-377.73104755720254,-180.51203159549624,74.71893031982127
-42.78230733874759,-469.08456546599336,-101.49920922986851
153.23770787871385,-26.066405557574257,151.72953021160365
37.24067394706124,86.74954550901398,-213.45994917881063
91.68430484328147,-126.67629593355656,-36.17577719559622
-101.92354341317795,-355.34047510696473,97.69080682090491
365.7249061634151,119.9676409740365,-46.38707601061147
-254.99931724114018,487.2928367155187,-98.17279352581001
-137.29875391858633,-2.7603333768928593,-377.4652086498445
192.07991367758692,102.57129047193095,-159.14542252614967
347.6595244147066,-362.01626306384827,31.178442672284632
-340.41761612951063,-323.7594865055034,-6.300373282137047
-253.35965983978778,545.8958977855648,-25.15460538281864
-8.634013336245994,-355.4515733140192,355.13106321808533
-51.29190632658829,-272.182949056845,395.4464362993929
-258.630119940493,-262.2665416562424,-3.093013109433789
102.15217366201692,215.09443467489822,455.5978144045909
407.5124220710916,42.85934468989996,65.02686164184264
-39.03020776709535,-207.41246651727627,208.2617249994913
98.06371566824552,203.67725573633655,277.4564963901288
4.1440516790432165,186.821567099443,-41.93376341532906
-655.3145459838507,-53.84242638154723,43.21936904756574
357.647888755533,474.3401994188443,5.237656966273601
394.528143304299,-237.20649757926194,-450.1424428773058
-164.31113927153825,90.9477165854385,-36.76042945463835
356.00766832481935,350.66206756420394,340.16626170745
-284.8487521711495,218.51605057263114,-331.48310969618996
278.02150619703434,54.1971121128867,-84.84438437468192
48.40458259805122,317.4839032228024,-95.85680330012006
332.7679355768086,121.44763692983676,23.164801352378134
17.42346341194118,219.95989728186177,-267.92981340975325
-80.49731767030413,439.43358753439657,123.10058139923032
-129.46755548074356,198.0526246961962,66.0089364912799
-362.2390857946132,-329.54886119395326,-357.348045220534
53.40071812601912,-348.0088677233964,-250.11103929428336
192.77120559724392,-521.248424107164,-240.06994115098274
-112.39634077353816,25.007455837248333,92.07123988757317
-123.14271487017494,-222.07437016727735,161.2097387055463
186.3119695110703,-93.77352049548756,461.94338019953545
226.1370084579,-658.0182301008307,-157.1141542940183
789.2705020272582,11.480312385217397,141.45649929315096
-157.87327334398287,-291.6193277240932,-80.84880944528074
227.91789795108062,58.91284948244615,-102.20824139664953
-259.4567746206371,61.66675350326684,171.10981287132688
-72.74478345759206,-120.41217050808733,164.44371989208165
-237.3817936870497,-106.3000898033276,-47.74889189210534
297.00285780039763,-8.636469363803688,-406.100053491865
-72.34209312224773,-119.34893725341276,-292.5521422709753
-32.15894632611254,-126.26097919585659,-407.61614834038755
-248.2513418122649,-274.2013458608738,-44.365459437522965
-150.89159970015407,231.70163963866682,143.5224772032103
390.45214149253616,411.83648516201714,187.37109454326213
136.00663836064996,-333.02476457095435,-60.5167231978324
342.6293089597833,-326.3077706854389,82.28008105842203
247.68655883375877,-38.09940974118343,10.473771948262687
-62.13159120643465,-219.95049819863908,-124.73618544497906
-196.76269820990404,201.3200017352179,-172.96061922629778
-49.07054864326895,-224.69526892594473,-283.2121032213536
261.33882734952044,-205.66089210753222,782.4032314543444
-212.11227145488238,-80.05494091846457,-187.1557324739181
42.12671997692929,-217.81745514341824,182.16424769529795
-166.16428617409534,172.9974605288871,160.09360454519336
-425.5317207413463,-161.62646462933148,368.7680955209322
96.38657877482646,241.82533023901806,-163.05427562398947
88.47227551894538,215.98425472710798,-39.478898331683936
-229.95059834199338,-510.23542662921125,-69.88525840627909
422.14883113954994,-61.97857406534762,37.67736265795012
-132.84677724378417,-446.9947462244945,115.13814738749178
30.32233041770559,169.11161522958315,-243.60837420431596
-248.9535495806207,0.9260836499680365,-192.34276507847645
6.689192360217225,9.851078650830829,-115.74338905175732
-179.68776065795743,54.95133358275384,280.3541480521388
109.87600482581176,45.08670599283194,90.10865739131607
-504.444958824625,-566.1129883855842,518.733588375338
34.00610680847158,-302.3340433413017,55.65773489049034
-237.70214030920158,-202.5653578905862,-612.960613674205
-291.8720918372611,-372.4872581389329,311.0431947635802
-503.2957352770231,37.50362274378825,176.2987055978327
202.19622619259198,-148.4235162588029,-48.95165156567166
-31.973548799335287,372.3275268099976,-37.498564598074154
118.03471176521144,-53.92472006588206,378.80892748905416
30.021246278810622,-230.11178510692994,192.48856718726057
-395.72358149205513,554.631692814397,-418.85053959751446
-314.9565892497607,-60.690070972296084,436.9308454284573
-185.24241809487924,180.72574380312636,-284.750195971261
-340.34075843308227,59.226195562181815,-112.1159081068443
415.1477661214416,-385.16513716713905,-128.11265924164732
419.66840787927845,-454.28196154532225,-318.94328163197144
55.38781052663831,167.2457544614057,416.465910920643
-221.56223486703706,13.866943107431903,27.495299918048552
171.26483109270436,-147.71111792714902,-307.7873909976266
-341.3864902425929,-384.6316689726077,-357.03661621502914
37.192826754797906,144.88278844577422,-137.78632347984163
-165.5225127078452,-313.776787623127,195.0684514232058
-70.62470358179782,171.99859201507965,-228.16593759134867
209.5472091397246,-76.07177315654359,184.48875819690093
-29.377171265185623,-139.07592239185172,90.60670502304554
53.207300513088,-357.2730402338217,-119.96786591360622
-297.9989525162453,-90.48154946622903,-109.81430561622597
-270.261947881529,-429.3273855973056,451.7237409085392
-62.30735364709717,13.5686579326026,214.92352963669353
-85.44257656610411,19.774696243089892,299.26249107540485
54.827722928364096,174.79762085280362,-89.44273812145637
-42.1005485938934,-52.13754159373313,-151.07414003389383
-137.48338398973127,-517.3066673765168,-419.19339038486925
-80.45894074849946,-227.8283064634531,35.874548557468216
38.488842716274696,148.73494835207293,47.236130226456304
-215.28921242592654,306.3036275018119,-448.754990804053
273.69473483674795,-510.2914465636698,-210.29766824254173
253.8459437460739,141.71863274370733,362.7654818941935
147.65913363939785,-285.57120191280643,-33.537125258456804
-59.031558258154156,22.831826382158198,229.41113979992392
58.61054531129414,514.2008996192113,-419.28743676010794
232.58164588830005,271.0285023133689,-253.0944913259235
-50.08588804773005,-188.94013245220842,54.09014057612337
166.79762328974468,365.581167006899,-113.18161272170607
50.68731044546406,-148.43921994981812,-15.851600360435885
-325.991786743675,-149.10225704619933,-135.71354758963972
-59.025252262129825,21.375930549019337,89.44869103916248
-7.546960125749531,-223.51350775120906,197.30633099425634
-243.56811246988113,157.9972131233144,237.01512424839717
287.9801018570309,-135.7354999497431,18.32918995318443
238.74890074149138,-65.75099152841021,156.43124787864656
-39.231052612457205,327.55854682479605,-114.15302216824225
-74.27439005910804,-95.90638780592737,193.3788043549699
245.15761083767805,-311.72076655105786,156.28133790362745
-57.53359622954078,516.2564542311424,531.4842928679071
-167.706349191271,-152.86500927023602,109.11575584085563
-37.69010791664832,-194.85788583891627,22.933438595443274
76.70346888356784,-83.96736924425146,-250.55592278177977
-5.874402313786856,28.971511615275922,-308.86498842021933
-385.4550481016416,255.84410675486924,-157.00644480383804
181.80540132910463,70.25918358741053,397.33881288795357
-421.95450240336976,-548.1299717212191,250.0689006082609
-105.34955557320458,7.511642516979739,65.3756406907523
149.79910251123812,-377.3490219469986,15.250600901651643
98.17073714868481,2.2581066520008655,84.54609243342998
-379.97992931571457,54.58465132912625,-118.21256546978893
-192.78067657743614,-39.77884145143948,-470.7565781730585
288.401060891158,-51.32946095829909,-97.62532861072212
200.53184709712917,-9.166463108322707,65.2505802770919
68.57327273406857,234.6188010338082,-440.8032396516749
244.09680775912463,-129.86791067133024,133.85062560263148
-9.055874530992831,-171.9941171661616,336.1667174326409
170.1935596822912,-281.3594829064945,318.9340905574227
-219.74046125723203,-64.50479565358513,-181.16347759808
121.24909125536615,-68.30094240837914,523.211908284714
282.44012931160677,-158.85505265370708,-126.99923331822991
113.10641733756744,108.80296989224694,78.61643123987842
93.26667989537073,-334.44679783612213,22.76369779882984
-369.82563759766526,144.85992303261918,-315.91930236892466
-319.9798487600982,-199.36366930523363,91.35422792350482
-201.6988973176476,-93.41804976457784,265.47296553749936
-254.60962345399236,-244.7996505432631,77.47292769159165
247.5058213358382,145.32662285842272,164.6568759406162
58.03795006093386,176.86429978317935,-331.6708440704765
171.20512361726566,-35.21149960120081,335.813947671927
131.90787927819787,-344.8376353793464,-6.8563410399386795
129.1960599510086,484.72192813290405,81.8316408196854
35.69082798785338,170.87668191514922,-286.5460730486158
-356.41269503654,106.72429728603129,-167.9076870438783
-191.63631609932048,350.92994528811903,-16.640423604280294
287.8273569986624,135.77032345766415,41.802116327556085
359.7620472911057,409.8828878323466,-412.9868169722412
-177.51711465365966,277.8458478232806,-311.5667229498982
-301.35645378677117,301.9263244597843,-411.50037731907173
-22.563826857298974,332.18714913086137,66.37586100649614
72.48102803065633,178.0720457888117,6.166948165753321
-76.38645480641114,-318.69084403175333,335.48967354292154
163.41622040209353,91.60647003045345,-66.48515859981023
-146.03857463155663,266.46440882772544,-228.54255818374284
-51.47006864700414,175.51971728469155,126.87539153965258
119.87881401626781,508.01057511447436,-338.6308993546306
202.97460509647968,-31.198044730696058,-782.7628079900624
38.15409243749941,-474.53881965815094,-232.52391039539876
169.47199101910704,46.71057338782491,-56.729995931417925
-423.70718971291313,-166.4085339052626,470.31034948643196
-247.39034433307043,327.11839050091226,267.2799952961682
154.30868315119673,102.21554260621596,9.737865050319469
-42.10113944012628,217.43706970654168,78.89437669853638
-94.45255996074253,-8.724782469184063,-231.99476323281164
-106.65687508387025,65.10258465528182,221.05935426499605
248.64610182960877,-279.774590478341,-158.41131000317378
180.19314948310247,254.5192057824253,-215.7068267336098
341.6094025477331,116.83483256174087,-260.31995518236215
118.744776586393,67.2593456168965,-259.8540743859092
-164.34405104756667,-213.915370303341,-36.79073765987819
193.15313257289776,-145.99173754341138,26.114891633985025
310.66308622939835,127.28764779428863,54.17858171078864
181.3203607697345,203.6873232979995,-156.8047199009579
620.6902961422675,182.6289214748308,248.33286316962656
-159.9420186179466,-195.56063883714475,64.23979308911971
-330.254664063148,-42.912796636449954,480.4462605321413
-87.75339678229615,-400.11881808930656,266.91195773841116
-15.088619168546664,-147.3699720454418,-458.66301874810364
-144.26502016788345,-59.214109914422025,-36.51532590789549
184.77840223150346,60.884739593706485,-34.57706238100347
167.70371818964298,528.5900762687113,252.61648414637153
-96.49200257550055,16.34462213957406,35.91118199921577
-210.67021821238663,-566.0898540757768,237.85426345932206
-185.7135475835973,366.6273826843727,-149.00180676241712
200.4231587015499,-431.61048038513593,101.07150220732376
-233.38200120238457,97.38003013596872,144.55150725290244
-42.7871486797344,-231.88258282039746,15.042675869056197
234.09327028691385,97.81490412829842,-227.8916783752533
437.17170797444436,-398.5343381741711,23.708870015936277
0.39851707587152974,-21.792964618656896,39.36838982490179
-4.4804940063360545,255.45058563872806,11.502466574663002
277.97046624786054,209.94072979678154,312.78098200023345
300.3073776248462,-224.91565154950558,219.1161077623224
240.16423128380777,226.8088079968411,-223.3077873757431
-121.31356305703963,126.77809905923158,359.49575105722346
41.31533511765111,490.5952949445819,-221.80572786513835
-89.63717410991941,241.602424922068,-48.89898282544908
-651.7082806980469,356.3677268964835,106.53505361224053
-191.54435482734337,-283.20558855486036,-322.56439069063293
-128.5082537198544,38.812964963116634,201.5981694940679
74.8006846930085,-217.43543770714004,-97.49932511049931
305.66553147942994,-109.40541111838836,-227.4293626511347
206.5426706402056,102.86587919591075,226.91569648761595
-252.65215132186722,478.50244273694494,-87.83099615270915
82.02813487957896,-83.13649707385545,167.62129220762617
374.62868709248625,-162.3468384490143,-172.71049143363487
-289.8935342891282,-319.42661240665603,103.52222989801913
-240.95193724379004,16.300775290349538,15.889573541437166
311.6856997185547,8.714905316806924,306.7068059393342
70.30587984646704,-110.54600675835992,175.24365989362872
-13.648587970923268,-378.1086473247066,-220.87461919963675
-317.7710381244948,36.717204784281066,120.72593013777727
-45.03620394122717,-11.098871966835267,267.95631788623297
-227.7550106495281,218.12473789389412,-79.93395579268133
-351.36796906487893,35.42302490866187,-373.7221473613943
229.2068955037098,203.26261358337993,-54.718133412658766
-80.65177815939433,42.73421058123496,41.44325947836217
210.9999172208088,-434.22373104559176,66.04446927645087
-9.144734033108232,-66.60730907385543,-182.7114130605303
-185.35617626980317,-163.6035989798854,48.49588782622445
13.414583228748013,-87.28253808562805,-177.85659819925255
54.00925104002211,93.52196136887888,133.40894450821915
-571.2736156226537,-25.173996337446702,254.21542875094983
-332.1715775974608,-217.85316841946192,-383.5825416700595
579.4604823001182,318.0828094070185,176.71446912084357
140.01790405720865,89.21434471531686,-156.39410592032394
-182.550913985676,-172.18293399911425,-247.09343095387285
-194.86306082264935,354.2569845198463,-416.73456366847876
10.446120345836597,102.73738434267592,142.93278964691723
380.85305732238567,-31.18152012987769,-262.27205740591
-36.14400892431376,112.0767421261819,-116.74084291013624
163.33423933237435,-45.71780168597848,-258.82961671720494
-29.432348067098754,257.7533617073033,101.21104401497752
-100.1951789178924,124.11049048112507,-16.677445693289933
-48.981116952812506,-154.55546285642805,497.77334615323974
14.202131902008515,-213.2657253346127,19.59068814160948
-142.66417934919215,209.4161989220907,654.2728567832214
128.22516790505395,-47.26719010429165,8.572617626236271
-386.6350376902851,382.29538267257504,190.80828168771853
-122.46045254574399,-92.73816532266221,27.656069480874866
10.547895515669504,-101.82174392629568,173.1417580026384
-17.423236140432373,-28.719216917998168,21.462762939057995
377.6625382913213,108.8885576487865,267.9183940806756
-315.64785813049656,81.24512927285919,14.369114789700241
-120.47117996156675,82.49902941696365,8.297416123012505
134.29842702693864,474.31209308164154,-189.41006902010253
303.52787779637606,-316.61495791260273,36.68372767547391
-594.7974286887757,-251.20271538239695,-121.91392715167795
127.87177366174507,226.50017001705487,119.28746673203705
84.47805841314724,395.832933543346,-174.6019326696528
-111.72061843725892,346.79151526437465,-216.31623722285238
46.14982580900725,25.029769248428806,-395.05678645675806
89.96339316727601,-483.76147667040277,184.60337420729687
478.9887518316777,-170.17693103590986,397.17064332214085
-21.398841741396872,-312.9114610269736,176.6490615522081
-2.168605391613506,381.19285596101105,227.21746863179348
-43.90118139074848,-176.70238718508233,-346.78238116443805
261.7004298989823,295.6824158833107,-417.0964501170549
413.84349745836863,223.4713935934275,-77.58538794683955
-336.2841623412649,-264.0455548623072,145.90650568929226
-175.45959069304365,-229.01658989481413,119.10198414024906
-378.0717072140711,-53.14045828509721,1.3971896980861238
113.36652605815608,-52.78623569296656,326.7430865337352
310.2258260127746,185.0785594684908,-154.63574335119384
338.5914867386897,154.5043254576418,-367.7031798722178
215.64553557114817,-1.190515790458173,-7.687364613368114
-134.3675240480724,-7.711283798868072,-124.64837193336932
225.48104596882692,304.1808379014863,101.828105876713
337.3805241790207,-168.5505437989678,-263.8538465872403
-281.1485447741792,319.3925939855723,-24.24212230335488
0.9013390462302459,163.03790587660063,72.01921123157366
52.12820589188462,160.46768698486568,-126.18693030900774
-35.931902012560926,-220.20679025890172,419.4542446534055
-77.35307487043481,-199.18617002177237,-191.07390576589324
-109.6202687353779,231.9568117529624,-51.37466058951712
-211.91145165605104,307.5387692028239,422.4272063049307
-578.6437751898201,209.22634616429465,366.9684224609228
54.53008595690399,-293.3819959333954,71.85962478899978
116.2550076475448,349.6976317225956,142.40547537450922
158.84407962697102,-283.21839822899284,56.95543083451492
-311.13446708381787,396.82870189297245,-88.43447951779775
440.325055396885,-386.997157922527,62.011802189341644
24.11241557737532,-410.22189112732235,218.28644238526616
26.820426614787145,-78.97076449236154,400.8566007019139
355.1480986136286,10.140939970904421,514.7746497755553
-328.7678182977495,347.44800544958156,-19.776394514104663
293.53249461015344,374.50190662749293,23.88696774406919
-207.18115449297767,-184.39552250015188,-136.4265538847515
-392.0638499795996,68.07573234695971,-115.00157786860562
218.36885060723523,271.7908900706467,-390.065876407929
219.60806860892126,-36.57603522076087,113.93226247748915
136.85051294705087,283.8768826746483,238.7321471319889
-219.72466472128198,-222.66066596539451,4.460514034912546
167.16198776218704,-180.5013269448555,141.79739565082477
-303.85202861163503,-75.06678937442395,-10.975980735474675
87.71100906343715,-72.94838876686585,-155.48690012162615
-407.57535174616623,-131.84552685982672,515.451903644388
-306.32608580922005,625.7815160509733,-53.55930029437257
-3.6606702385341783,87.39730304910486,150.0253746175525
-429.952438413535,89.95949132428981,-255.6447507122993
-170.20289349394469,-100.484795533701,363.09424164246565
141.5267426443129,-29.51992329906117,-60.27602495577773
-129.14062445863246,181.19568814325368,-243.77273893516949
104.65942958853726,139.7093348589067,331.2184642119626
-75.52651592105964,-87.33025789142869,164.21054692746324
183.9412802777995,274.8977235264945,362.79464539213257
-50.72833112791364,161.05019936040523,203.1438131884979
159.01865079290468,-374.70923085376916,-0.401997106165698
208.64487378140188,122.18707818102213,-184.052690153897
-256.09871094555973,-149.40331153064633,-268.94107431449606
465.81644823837877,241.63979376546413,226.1487625945572
-13.039726078800783,-81.49202872232388,-230.92071693262574
-250.59761049934818,-107.81378490689379,76.5876960299631
-158.90863538462528,140.34504053878936,202.53794557642794
-269.4406777208283,157.79262645981785,101.98732204204173
-217.04671356057992,-66.96789019502195,-537.2558503256967
4.28621693744047,-320.0587564755877,278.2256668982515
196.70976912480444,-423.77845789300176,-390.2047580933949
-45.96079106414691,-79.63851668939333,130.36505669849237
-64.20384654539802,140.90346966517322,-234.07579158142687
-410.5154302322497,37.20637962787003,-149.0275922820876
113.50396251024004,-111.3640774256973,-77.06030221089422
-343.2207058655947,259.37072044946325,-146.37132709777546
-422.55528405414896,-36.53516616445762,24.957817690130387
163.75083386956234,1.2615331783462342,-208.48657534045483
-389.76595259973834,-392.65609333213143,-147.96777906315023
-481.6848005379057,-20.10654712457581,-136.32134794693886
-58.91819154187051,-270.5010519722667,31.902902092509663
196.75187487752493,9.273669736357526,-73.3931958045443
131.34978699988753,-211.94525626613185,-266.9844084754769
-376.98575907324783,-387.6629336887356,144.21058949918603
-10.626991630193192,135.75521782705735,-2.026473242415804
-278.91619113393654,168.50803222135227,-365.0690163709539
-48.13211787364849,525.6894959202002,-55.11936788923483
-62.68698968622982,-242.19177132578974,-282.4355292765175
-7.926733838676325,149.46208980477877,-372.00943850818294
-25.792492011195836,-268.4626113512192,185.10633675744393
253.75951428588428,75.7529073271712,-174.29818101101557
-26.9640985201489,-51.96388090935761,-169.58944416669618
-101.36494467946972,-389.98564313729764,-101.63147544554921
270.58800956165913,608.2524458746436,190.25540335211113
-226.34198186970994,-95.08417462377334,10.220580922706144
-401.8105295164534,-176.61044310289404,119.82251614602467
628.5196863458699,-223.75264834740312,371.72946364375645
226.56061017164072,-254.30500131452638,-182.36288214898752
-35.635671991852725,-112.83580328301333,83.18855267935564
-18.83314148582754,-39.63110488793743,-74.66351424617471
9.501683229095898,23.434330941912947,56.71913411860475
-186.56076724601843,7.33267187730003,-278.48880504554955
317.06049557312446,-279.29780536134183,-130.98003687146056
71.6889196495492,-50.621122973672314,-208.89841891402273
105.75052958329955,-76.70106713430755,393.8385725815613
-4.766228189579564,75.89575451256968,-138.1868707749038
-30.29904682642832,90.39629974472739,-8.543059911094934
-76.12886911498236,-43.379634684565424,-390.1719924053822
-125.36255973219615,-22.07807973435653,-46.41812629171542
4.216516983643914,35.3925812009359,33.603645921365356
266.9225274715106,14.590459994501934,-63.24382312570061
165.27567156857125,-4.851712174027465,-257.3624979268891
36.23193051601713,96.74199307086025,198.60338769193353
95.72904168898985,-252.91324855883252,103.12881469046319
-73.48345821286149,111.73442494821361,217.34943416483458
-314.3369357940595,145.8885218561887,-39.02025179054141
-163.68157865727278,208.5112272741344,-284.287071692909
201.9209111174396,-137.52783825570717,16.38026791328499
472.80175340904975,-93.52116588562389,180.65487619944358
169.23752994486756,-245.87008059329094,-42.763670943128574
-300.2684155592393,-27.071294725726002,12.14828361011314
4.142207038637927,395.27836673885804,251.70688380011694
201.95720775183497,367.1187710761434,173.17445487210745
-1.4742774482198588,-86.48220703776585,102.39816423672457
-172.1862604290553,-393.7319993191168,31.14627505594587
-64.38713910193144,15.51144533428971,139.31135876359986
39.52508735127488,-129.98093002425472,413.7676096239053
-175.26918856210818,333.89740235531025,-22.900508952304126
124.52523823858898,-193.6722642954826,302.2086372529928
136.16391776451266,-114.1016782219842,-581.4208803208888
234.51215562659885,-191.20157559389276,212.82295073317374
-18.533080526406632,-222.97893623003202,365.14898861415173
94.83180549798846,307.0810310972763,-131.81942266278276
-96.38964398764736,-54.59578756085121,179.83715963057426
613.2492507845865,-42.42316682754113,-247.89276904023842
151.11406699658787,-139.6479379974747,-102.68958866678554
-137.00493506420787,122.59358176231135,-385.80301338111167
15.071518244463203,187.78742397132976,245.33179599190964
-239.17541349410732,-172.4970837825963,370.2048312125124
-47.08285162304021,-38.17894124375731,42.40991532285147
39.26145568718495,356.0782746228633,450.8596819822654
-431.3790414190825,358.6621156097643,-387.4773113024168
273.04972050245044,-66.65585492300892,-2.781332399960018
87.88057404905857,-124.25450631643932,371.95312772814617
73.91393965483965,184.31795996392648,-297.69741700717805
-236.041145038944,-83.3288567268268,-128.35430295528477
-2.697587235249258,-44.50240676442388,276.0556156005884
-31.662384603905604,-103.48839861304744,103.93907166553767
165.56623724716437,-484.0786388893986,619.393059972282
-20.430582826157792,2.5342098719248893,-1.0123656481305592
-370.73205336134055,576.8458595081296,-74.4554173803648
27.919135679665214,180.0729082190311,-393.4522691489988
-102.1986229490595,40.492616765080385,8.150218762970706
403.1828591521083,67.34458143593254,-302.8559227679262
339.0121485608239,-29.241586244499825,-279.6683620672985
391.08102187557614,-441.41620863527373,-199.6092840677502
465.1366244483365,422.31717945998616,-50.996305079877715
-232.93515241695212,128.12256263772755,-128.0319233316537
-11.691919697924666,-123.69591456135358,-499.62378531157526
235.33518348700176,190.2297993958774,27.195050111418055
168.98360688339855,-534.7850661561286,434.37586247125313
-132.12697853131547,70.78928418775051,87.29650746859365
-383.8266799349619,-196.91266167058052,-160.13521785544543
-191.83178290460685,-53.546039581722766,188.08621000661753
30.90658209828537,218.38350126911806,-22.674584290591667
-105.49883529782151,346.27511512382824,-375.6138732065799
126.55488261852328,128.45094615962452,-362.36902682504666
2.918019237707513,-491.850547818806,-237.88675715006914
40.2934611522128,-112.37372730362331,-9.421676968863975
274.8954983225893,-480.3682261459109,159.82137130771082
139.13378204357218,-164.28092177794767,216.49728256620688
-56.90293736878284,-421.07421414052277,-336.4793100994751
-287.7922517782536,-114.19783952659895,-4.239076502181531
331.53062058035516,458.35300721763514,-8.67244661556018
-277.13385267297423,40.635195243803345,281.18231287031097
225.00127773204937,-36.39988759598396,-223.30632556225717
-258.22418408474954,10.904516272825926,21.944276110826422
-52.072190803741066,-117.49565784047743,285.09463670832815
-367.37007890195645,93.7733514219669,388.12467287024083
4.598485427967023,13.233181866983816,-197.42973405689423
82.77760120060749,-54.95216433288242,296.5594577633128
122.33799737448399,118.46359588242477,147.55473130203737
-345.5216288547267,311.5956974608767,-109.38638577433873
173.774236817511,288.35421455012704,-65.42358043074553
-33.158750252341164,275.03085517564404,58.18069293473006
-329.02517953597817,211.5860506207153,-9.149955352501696
99.55660965056224,-153.7256328499776,232.4121942831525
220.2555149737702,-117.06983818736755,-211.76859566004765
-319.0086279287448,-22.3241354639132,80.88506474056098
-54.86309430466182,205.3026310952337,180.7065563381739
-62.06385265725869,-363.15017128852696,-247.16629725802858
-209.2261609439721,180.61817524950186,74.18038031265041
13.721016343126424,61.8939485865336,28.442588232017645
30.26882350542031,0.6037217922315858,-291.76407300043326
-70.68289412227374,136.80496389922925,195.0514525654525
-136.56376277941422,217.51009700479494,202.53638805377207
98.84347725335446,-400.8637175160939,-399.0895056803258
18.473751516397595,47.88701664712896,110.46037986932349
540.3060467750275,222.05077042537567,-23.08753331636421
-105.4603302023086,-261.917828120848,-212.73664209688604
280.84493365332867,-39.69571451306917,-377.5376997868453
192.8514403083703,-156.14570773304393,12.536232271822188
232.18431932860858,20.7579139755745,55.211619553201224
228.38165292769176,70.3268974898716,197.54261904279414
-137.5227149558003,-56.51887883264619,-151.92177039604744
-340.75961265773805,531.9125027538017,291.4069181952133
-199.10750003757445,2.1921843469855964,403.6603659926599
-124.22325630708426,598.7722438409606,-157.4285448656466
202.44029483777342,130.74538567478845,-381.2719756171959
227.1241884568546,-426.1715006557245,-337.9116972034961
352.1717227376352,-122.41152631918897,249.64967983115332
-68.947368512146,164.38323117262902,91.71126436148049
-164.58413359873828,-185.22007968316174,-502.0044313850923
138.06883543321314,173.78511314628983,-20.026772858976663
-168.77299537822466,105.76054638112134,-134.70252566962463
-90.80708971876676,-267.54195339644076,120.75887527225518
429.9422487110402,158.46172233794601,-193.92247972268146
221.25592283591115,-146.47148300868443,370.52682891615393
268.7574544285488,176.36712852828433,-402.222809387085
-280.7945925078958,24.24563088847093,-187.77123796447867
301.1174587230626,-336.02949445406324,252.65442116647415
-325.9690598324266,-84.1152343580181,-239.31028792294663
-100.4069030915778,106.13078378930555,80.86259065374561
-319.18596910027793,-114.5979240565207,-102.97916339835828
1.633532263197092,122.5937818545103,50.546778683984485
-252.07141441494068,178.2047679505135,350.71374679918324
-277.6714614592174,99.47445013350695,286.3289968504525
-321.4936325749048,51.816212654405504,61.408868245492755
1.4191375924742984,510.13278825999845,252.19621835690032
-151.94883739912544,-112.30733812660412,288.87256582089736
-439.3487311903625,-145.53799310331266,59.781850250755284
-72.14592220753536,38.46341205815096,-459.215029172011
446.8448125250649,-92.05052260922231,98.21999014288639
187.12264576447325,223.14992137784233,262.21318299495243
-93.58968003417648,519.9498036203717,326.81839760610137
-205.97973088665907,-103.41932384076786,135.3288377328795
151.83289222867626,-517.5440663170608,-153.7974626158887
-35.99774323427534,61.15394517252018,-85.39526148327147
38.92495290999036,-256.7562525457435,-55.40008685892861
120.42223132986958,347.6013181785484,-123.72489356289059
172.31505125366482,14.377177918180614,-100.73193240523885
-364.94540766638744,18.871739968700663,-17.040437879823056
231.54677357838625,-34.67875026120116,-40.18881422812684
-60.33234771371559,-327.3660019690878,155.92843348588605
-239.6981476415469,-128.415416164422,394.1139877826714
-661.8833537193315,379.2809932431144,34.050301691231
18.55500581684429,87.37672702153712,57.896981502503245
162.8289719534448,-139.68328571111243,-62.76685507006466
99.09215213706787,11.111888652600628,-275.0260752740996
-133.35870395100838,-511.9213671011768,269.7113197633655
-95.50575521599157,82.65459134764288,191.8790359759696
140.45677344929757,78.09045338629181,-194.0748962001569
-453.6006929775953,-316.54754800513507,-344.66643741658123
64.11113423452397,-173.6833567666924,379.6498017893388
-216.67068668022895,-356.2026375660224,583.3928138623893
6.419574177171327,-239.74866830980542,514.1274399584287
-64.67512165295527,-663.7750559660373,-177.35739710535458
319.01174798055524,-14.074749996854031,-84.70097208537634
468.41121204983517,-253.29267920148905,-32.857918955539795
66.69087018190189,-62.006747459989576,-52.157218801391906
-225.8903468364369,63.62424713410103,3.998737412437291
254.44959228464324,-242.31673042728949,-209.7126991000617
-51.20565190500568,-452.7347478019582,14.70992397201278
-24.818503284037117,221.47950465387754,-225.9617782174111
8.589336191924316,232.79113959229818,-16.203248126230786
34.89863905570569,515.9281761760865,33.57391236276506
54.52590330749246,283.7720503629832,431.089010321825
-185.21891090786232,148.6065253623519,18.4748934999627
316.7014153594067,-726.5082723951382,-349.3932310039699
-504.5070065097012,306.5941720263559,132.43046442426817
87.47450781539432,92.49002418684044,-4.821311815110476
122.08813210186949,-7.64418118550283,-62.92571337339831
-88.30927412227263,-25.35689156527219,-35.55998415396758
35.4227365027387,-361.1480002093124,189.56546804183554
138.21971660537963,91.58170466574666,-191.44106319115886
-256.2158236084289,121.99026527713414,124.51996249838376
-16.68086799053663,425.9324601420353,-311.0802178314092
-25.398577822757698,251.197261292699,268.9569730219907
-78.66593525336576,-292.2613050232606,-198.59790756275493
-150.626988797322,-204.7474433698083,43.343495583453894
487.68692335667333,-244.0463542579417,124.10561997723653
107.64197970083373,3.559433623897014,504.76219486947815
-392.8758046654665,133.06943457632073,-39.37572017093104
-76.66232102213498,-57.41595195789799,-195.8346683227218
-128.21402702352742,150.89881655340474,-28.53602089443776
-42.903199311391454,-165.27685906708552,278.6516141019445
657.4373747861316,-84.93578693779924,179.0387614425969
-97.44245625255255,50.15917925463651,302.0180460589587
7.41774466366193,-67.12594447260125,356.62277100146713
-220.9847653715947,303.3135305837759,181.40642796423288
293.1259680913767,107.50278898780421,107.37691096481788
-588.7934671438218,-8.873289702712036,103.25271648302744
-197.68737002613716,-252.20547381990434,455.7424285831043
121.71980820608772,-357.6759709178097,-176.27518972315028
-27.43987870727182,45.652801895687766,-215.63217277012188
441.099411793951,239.72807373321533,-79.9557868564782
181.6399066684495,-124.64161736788951,313.691953004325
-325.31610666470664,-178.68351251582337,-149.77984709973896
-6.243520144807416,-96.27605994898862,38.548998945250524
60.33888642047019,90.56960991935034,-106.53627862994553
210.7801731331671,171.95417669138155,-171.05132674766426
-456.81985359301694,96.83791918307764,330.6949821590188
-251.93237233978087,-413.82619328268646,140.4910464853868
197.20223613970288,162.02337988915133,242.75254821868702
305.8610434209177,37.57077161157515,65.0111374120607
-151.55001483599858,-25.89555798393347,-27.252760382287356
-277.9526941190321,-32.8646945631984,-97.95447924767105
-103.69273403194521,-445.25539963849513,3.2139937855817013
-29.571142477192122,-205.45054185838987,-214.08410059074055
179.93936800873743,-263.78135887601456,337.460712709633
185.18461020957082,-65.97170337567914,-199.9743460213631
-83.79708966091715,416.05629150471145,141.28377183881454
243.7302635046147,-156.7498486264887,-220.28023162522229
47.47626346467009,350.9179701654223,-64.47612627340953
411.62956212797616,-168.25140385125266,79.02112755952706
-72.23249443227411,442.97884429398766,246.41719181129972
33.715863582756306,266.46158395787415,61.58052423625382
-211.2895774484655,495.655228611783,-101.9323022738035
535.7988662854873,-103.30748615916038,-11.590518347747363
145.7815151339966,275.6192325593909,-330.4515667930803
224.15529998809637,96.25023044566616,-97.5145476978028
237.3964912627262,325.82283734099656,-125.22179365584097
-20.932035120640954,227.1887931501994,-44.25487325240399
124.77083271895015,135.88875922996385,159.82128283158096
-86.41407395988018,-22.06986107010562,-279.4349830694618
280.86247940925153,-68.30890700911169,81.84980537653946
-153.16580759211948,-88.6386869345702,183.80741358280233
253.13967960645866,-216.34586125041324,377.8058691554093
115.38821918080458,-91.14792425420826,36.33321574942017
70.34118252016151,108.85699681764109,72.06284032846662
-72.8629622096689,-98.57445209757351,-249.35043763104647
30.950148043510634,-201.12247093791333,417.74735574839764
233.15447681442055,613.263491635478,-38.10154110635002
-205.47194269393893,-254.5709610882261,-164.7716301016619
-21.035891847628196,37.99551073036085,-462.5568307184882
306.56963496949413,16.5267587748169,-7.659347563587122
-84.74667315896653,216.5968355786543,52.945435326720926
-70.65607083131695,23.57413679962571,313.42217392480984
230.79035692400257,-623.5754445362,-100.83833745595388
-445.8944328187776,234.27704296510424,46.19206635221828
-154.52488207854955,-323.5631674616547,330.01701153043905
82.62858304229302,-225.14009601882142,-97.81214965150197
-157.6883899871739,-171.02885149833398,-11.138111247857784
-163.87243356092532,215.04289356461743,126.621897698787
-113.92308049336201,-6.316615403659012,-497.2605958074671
-458.04812035457184,435.1188694677606,231.38551267973537
461.48010557599457,371.80714917466264,-6.02939213284771
64.74747248485792,-81.47878637213971,500.3290033299844
20.775389089019296,-123.41785485706647,113.78995161724593
240.3751348788793,-126.33541073823015,174.65178889911195
89.91159902902004,-58.824113073298186,-137.36507840519005
144.0919526661278,-73.71666663407733,254.57453075601228
181.64550280812645,-147.82616597716952,-10.354105934291754
-72.74609346520175,-134.66731696078867,-201.59010247845777
-455.97312327997787,-109.96701807092445,-129.31297895727224
58.94486810363753,-191.4010772003594,-349.4223670377831
193.95251678444552,134.34483232851719,-410.6404209307015
-38.76163675421191,307.1992926620978,-604.6123271472198
-302.1534970189356,-33.16049656916951,237.89788691925062
10.165576095419281,149.39154961340438,352.9039297544764
329.33032025838367,-513.2689309846203,462.8058940013344
-205.84105944190065,-288.7422433788741,-119.33629104977523
-489.97163314515313,-368.0591732037676,468.0141967053295
40.69773015166945,-267.9739515376476,107.49819414178131
-47.5230462357245,-87.09639551352429,-179.87677852054807
106.88305471821558,-174.62595379366078,-8.230993557707073
-481.5203680834737,-332.98363603424986,63.84079951617313
-316.6128655693749,-340.6129840044937,173.97738888010872
234.96887838649326,-76.81662315588105,72.67409900212287
-456.95347871378544,443.3934890006944,-510.8771340980773
215.63785776842812,41.944504116059406,-221.19421821789012
89.5669174125481,133.40559927939614,-34.460522970882074
247.5464466384909,-566.5333125584325,-138.4681701449692
-165.59876419583796,-305.5652977262849,145.63669156130243
82.00829021516489,-44.095525450348184,72.81943592164826
-19.318885414613757,-176.8587206560555,7.063404550712389
-127.32585079910342,-130.02625582565707,-87.30381205786757
-200.90250866612578,380.98045693068667,-211.52215818745873
504.90405742651734,35.18575825353992,182.73052937590853
-29.56103189649942,-208.82595863459832,-59.95843360844683
48.04164196487805,142.4075047387025,-182.68547187426773
-407.44465171132555,-125.56286379386256,40.95433307605746
325.4154229177575,-151.9484184201244,123.7507740942396
171.39854805002554,-215.2941865309186,-267.82247622280295
-43.49144339196184,312.3641526161434,482.4547472978715
-611.8391509616245,444.0980161538623,-260.5804404925484
286.5926244313797,-197.36025258693442,-330.6868660190364
139.5534350466167,-243.97232688993893,455.2213709958335
67.88118280881133,-211.1124913397724,20.560052789244047
81.30750221087402,-110.36530075359414,-165.89937437552112
-27.15980290531072,164.29731955512966,-236.50147038307915
-155.38397466221596,-252.3699837059799,-314.14629172249477
252.53403466115648,79.6772412891116,-62.571835911112245
97.91230606599615,-250.2413026828045,-333.6894311377183
-124.6387777001727,-66.98910419997162,236.21283430324831
-170.1944140144216,-148.70057146178482,135.2908606593872
-325.2446592905422,-188.3221470349491,-61.25058953199783
161.14839066095442,111.12882455354176,253.98654816200565
251.16831768317883,-385.59527698983146,-63.08768517328648
-74.57425089138661,-203.29549450542294,-148.46246506453082
-342.55765621731365,-164.19075912257367,209.46963607628498
-223.4638840707522,-59.404495127284,-236.132582999987
-116.43687778677244,-261.2194740754973,-7.963620003342585
-76.5764766461486,-21.748348146324563,63.49574791909985
-262.38649631925466,79.8125471751233,193.94195034640506
-138.81252882958105,234.72307178385657,222.2146007221301
126.68888120067167,80.76589731545229,219.44175245052708
247.15964593096632,-66.96654312122278,-15.94448153250678
44.398162976171506,-23.913652201051,-104.41963731700702
-112.0017924292022,43.62345986443105,-80.77436382370071
-91.92247371424003,-549.4221856796997,-289.13495962770435
-402.97423825175355,-187.65851712381865,155.22626733877618
-2.256526471884414,-199.33996837478983,19.547979989545826
-58.180569753644576,-48.57873227702227,-96.86127212735958
-485.5295977564314,130.34464619348591,-277.75267186518454
149.8807393700235,-100.63197013820748,-246.04329274046546
-31.66524728600023,-181.54488486331286,-41.8489980500808
216.8603996032197,-412.4850411335548,283.47651313632736
-86.18177660822796,319.865477040514,369.0016659625717
41.57620080092421,343.13431034481044,-255.68685716530516
-358.536397829965,284.03349490119996,135.3373529741766
-82.1236490746602,-145.77866334758488,-14.79130819462021
-367.1980079734885,-316.44832651832013,-110.5794119207035
-170.0586874635018,-170.5445576226782,-214.64307504297065
-294.69462887608336,-229.93894345083388,-36.36319703869907
-26.137669582348483,110.54824719214747,251.20739145284603
-184.54471249512198,-157.44477989137482,-202.72289205109274
-127.10472944938309,210.5569732363217,166.28279136284831
147.43527679483333,-314.41494728634655,136.38954444779233
-50.8418036640584,-103.7329245645617,93.19824855156834
-11.156751976727467,-172.22630721796614,312.234804098344
-57.42254721754906,-269.04830055402437,368.71697959933147
260.66406021321217,49.91473821683588,248.86629702857246
-100.30739538476271,-158.89311806115145,406.04377561148084
235.78063436346557,-140.46811692524926,68.15338802514142
207.20907203807707,-183.57090521049074,303.0952723505768
36.250083665139215,-179.7137053220784,-163.75755364880834
265.58765245804847,-255.02323275632935,61.37122148522808
-4.626215627743243,179.78338319250003,86.829080595308
-270.2187679819821,162.9594496615086,-216.24934808253568
16.67650249260204,-173.67161030008654,-196.4546859733694
325.2453558593703,-105.03637913973026,-390.10866804946767
-129.25693845372146,-325.03972678179804,172.13667062116713
56.12229504384748,-2.81051830979355,85.11227983607847
191.77849704226594,-397.2453713527115,-55.478182824985396
-173.5233431600559,92.90627484017627,378.0742661874805
412.9287677066534,-183.30754010486524,15.528813265738908
-318.3398499935876,-114.36092160183081,-293.42642703969165
-115.11121227364275,315.21753037900135,-62.84208153193175
610.8097671605716,-41.035031921355284,-250.57736479010356
-221.04514623616197,256.359217346763,-229.65155239335098
-136.79077032859036,-54.501920549445295,-27.06191444897688
-113.58673528979601,-85.49886920510757,314.33820764444124
-298.3841215990407,144.41628757584138,150.31572960444393
109.04007566836617,289.93276893529475,54.598371904742926
-231.314329432836,251.31189669276336,-130.49074289637042
-23.664257622326254,137.66785502894726,58.505186278464535
134.44891136258803,-146.74281777594737,-368.3518937777492
-305.1531908676471,-16.59216105862286,-43.07116099468715
-137.61193958716237,-319.63283520562254,154.10908975501732
-249.3873283105757,168.8877257648248,-64.95401890309853
28.17558040260056,338.9583644766519,-270.2716155211549
-385.1594892344391,27.64807381696185,252.90307696656114
30.22151502590384,255.63614939118295,-156.79942138102166
-41.98634265341628,259.92597505872226,-390.0254563567643
-26.776410515921874,-37.43930599949955,226.43668185966422
418.77753791150315,385.83674492469413,17.1472334852077
99.22104118342637,167.27952586829474,85.1347967628201
-265.2886027498201,-49.61730821027073,-307.7308220569904
253.085346360486,21.684803112770837,-154.96621140164683
-545.6602685099375,335.3222411248752,398.28444522458886
-196.85939977148436,-4.588897471880111,-181.8387414260047
-173.69385719806692,165.55302796957403,-50.57488436201481
-74.94158363463904,-506.47773801096434,63.7401994294451
440.5436607306881,160.86715813081165,262.16859134049105
41.45615906659663,138.20100941449144,248.77415602110867
-226.22882551503375,74.1488720438777,-134.85014553461633
-76.8932866037089,330.0196935671905,84.49981021212132
88.59590471684821,236.9086157312434,-429.3119825500244
-151.2201150235531,32.19620545929515,219.46743282519833
248.24560755630816,-177.13135586139364,-399.7913039599387
-206.6362410432994,-148.98606703130903,-204.60554787141393
