-476.8915367758672,-191.19771462705359,-48.06419818565329
-76.27787914580847,-50.361777110348925,171.4607279133367
223.9879964029832,-482.5001989781202,-56.953064711681314
-344.41196055221974,-42.469325039347616,-189.82661035852087
-378.4609486873165,29.819893284144232,-171.7840285870786
343.05373744550934,-134.04565784329176,38.10491688752832
-57.71336637823542,-309.3178982621643,54.72934073819637
283.7623216653845,-107.689015191075,-98.8095226679471
37.7409434983288,114.12107142901438,365.44116651023427
-167.8004649886304,27.165673285031648,243.58025153804942
51.95876323094608,-271.9504892508064,148.64613835899326
-52.88193954924886,-41.377548434881035,-283.5537042363328
39.705560804517354,-90.4790338617975,136.93532937240718
-151.573561127943,117.02014512627107,79.66681803582641
199.13368116033442,237.73844326369368,219.0238734890065
469.70349383808536,300.25601316117707,-93.94909565099252
-194.60449499787725,-252.07141754125843,-48.276502601467335
-227.38516267899448,120.02911885413569,109.02429649667036
-29.745128185454433,80.4938336236955,234.59595267195866
168.86790746718563,68.64818878817128,-279.4874526770659
-35.25773538687988,-118.7448254271846,-114.66882896975082
-159.36575929332875,-67.49170390698468,188.87975433611197
-351.67790615259713,240.94444945924192,-65.22562717442972
-23.303184160902326,-40.47122664697168,22.325357697278744
288.57106393941575,245.69890352605464,461.6903573882992
353.9633787858437,382.9925010416874,286.1931922706752
-74.06220820435789,-518.1450540701014,146.16151179697
-282.050291062736,157.46474445497088,-32.05539539684869
-331.7643160193761,196.11313042517986,-81.86202837040291
-201.45254649780324,199.36610191046756,196.0956451919423
56.62955061374109,1.0271158552547337,199.71341187211814
-96.1123893453547,-150.35430644087427,-250.45049252765398
107.60219206449177,77.63355458277113,107.68827892752884
-117.97132800359701,-89.53660084053281,22.481856896041897
-141.40575075348653,275.62930102389055,-48.555701019291334
-49.87843339455184,255.40186378217092,-53.28940219884156
-241.59890167885297,-170.0133835795431,-0.5912086841138684
149.48757207072185,144.9861663778682,213.8071457440623
88.64766031555394,340.08983738250754,90.43191485523211
82.84034487383681,-62.19258400869091,44.16544803351154
-82.93788648070314,5.145045622510988,297.9046298827132
228.6806796358214,-70.92944293626616,-164.98976339110874
-155.36965166688526,-20.06438117505367,-191.52590508661444
-245.14723903200556,-73.39377956906966,-310.26079738423334
-270.117451582444,476.57983318125054,280.90607042395436
-6.255706616932597,316.09984088381736,-408.0787929527367
-370.6139301342065,138.37811296617542,252.03051794467882
367.90376248052917,-179.49421026458722,104.81072437598652
-297.3144494574692,32.71229262420666,-226.68271889913976
211.22394403639413,-37.22453044910393,-111.15457839284845
40.371566865068466,-244.91658930014378,26.2704164037159
-145.0881474860543,65.76142385537231,28.121996443084903
-195.39115015147877,-138.53023753816046,-54.62128090528801
-180.54890749656133,-249.3441510553776,-469.8147464799541
135.86989560561537,41.82582028379307,276.78875948250106
8.595672148654147,237.3769745268185,-87.53064015954898
395.0538288877343,315.90025539076095,125.72421435498997
-95.1905902319536,-46.205344439042086,313.7506142972487
-195.26495100400587,-46.327845065996925,168.801095570241
-76.16291198021557,106.96325824329021,-217.65466477032697
54.31247107430761,-256.36713322145806,4.170664099501968
285.7212720312178,184.41244637479184,-117.98692086263368
-72.54987929745889,306.87867977680156,2.6133262965377555
54.75625118150543,239.9483417887761,214.09297135857764
41.9548791648097,-275.2042963717454,197.64088370979394
35.713384923592564,-3.2280040015778733,-479.3617357760826
-59.89463163548543,6.816958414299933,-153.48637495595554
-65.23952527790559,-170.20863644504928,-77.45765987960334
22.100805535942218,-187.36061137207017,-129.09122754358805
191.01278905549407,28.6319951779573,-10.959259928847139
-348.6786941396219,156.61346006539566,-67.93605982395628
57.79738087701393,241.31241846258655,93.93215351905211
-51.51538160476708,87.81236275949975,-320.3294222691996
-65.4379530524271,-156.3488945747262,37.55386978522667
153.8550092431303,-289.6524400341952,-222.29571582575227
272.46348261126894,-285.74880057168764,-181.85988579996456
-270.483641128776,46.13433212771206,199.72802036962327
155.7900236316691,379.4858257281183,-322.03437177938395
28.059614801372945,102.31112205086086,-262.219552628984
-163.61011723832493,-65.99278582605456,-69.24748553271593
-87.97407161158503,-378.9284017005169,57.095516264710255
70.00784224738128,94.30165782458714,-289.0665713844513
-317.3711506582023,-62.06827556298475,-291.5080261147688
-43.22435346542226,171.55961800557048,193.83590041389232
6.98873960976446,-110.01464141425619,74.63387241805687
-52.02634433328801,387.29441181160723,190.5718716641701
-195.2276550178283,20.386692406475827,-75.18277709650556
-101.05494677252112,-405.0915196655747,-230.19303877665067
-26.707855991396666,-121.44365064595054,-21.75378061852986
-260.3966145253159,347.9805349822876,-292.8018779799354
208.01894008283534,341.72252406269655,-225.33044291034395
-91.84592563009289,-114.59155421878783,-100.72666216021607
-223.53832138610477,217.6255403644746,48.021866565625096
-104.81802159859207,89.76205770118183,49.67782513483009
98.55473116583744,158.32381780828075,4.717168952161501
289.4782205670494,-68.30464420253519,-235.14658891356058
67.19977450490937,-108.65233845763349,95.52015613182212
117.9244306391558,-114.96328084315678,53.49913146467724
-80.61483864827368,41.081871300481396,-10.090069498343151
-23.94646200945275,213.91309076277597,94.13616454139104
-59.40729967466145,275.5910682422979,-221.46621790855622
-188.89488845599726,-13.491228506248955,-121.4815805312924
-87.67476090469053,293.8931832362991,184.920428519496
116.8433595734011,-118.94398580101101,106.52981958346922
-213.16695448918622,-42.92818913158606,236.00766056883327
202.2759882961129,-259.70303292873245,-118.19083079803703
284.06000965967525,99.79292026629817,179.29043765187498
96.23628320547343,-434.3354073706033,280.7929478072281
-194.52089091461025,74.02076496692627,-180.55828108881184
391.2970696727308,-267.019859478317,-35.48116309378048
28.264926307834422,343.25022385593627,317.87808794694206
95.21227295571073,-169.79078985095936,-71.22665194840849
-99.67027085637773,-559.6662830539769,1.8185965650610523
135.33326328588637,-411.67080364184955,107.95603427264176
-55.115524552999084,267.5657678614243,-240.45210919114118
-27.109742605721703,-48.84618679198922,82.14781558498973
-201.87475253988208,294.22063649951355,-27.26984930076179
-237.761717144927,6.2677565086317735,-383.15732887483324
252.53152899841527,-19.393879307132313,125.30864355182837
-152.02601007043563,24.544444939043384,216.63255706461277
66.17329193749576,-174.30495798801238,297.0776351932459
182.89013958485165,144.16200067154807,-443.92039001901253
-388.01972818176137,-183.79426106710486,-222.2331217122552
90.96499363377804,-119.06563300561083,-18.520022622234734
62.511565126703644,-100.85410412086708,327.0946668870105
-43.27039741476363,211.8260356444844,339.1775618750041
210.47023333934254,162.37145632326428,-200.94279626368953
119.23609433612259,185.47509974572628,717.568653990066
-218.0830207832221,-48.68310058123534,-280.0688476288694
197.26371986970534,4.975313674845648,-323.25624284985605
86.38036291632679,-314.37211828260746,153.68234591037776
62.792827237227954,131.79823607904763,-135.28644937809008
-265.8709275433398,367.46407068775466,-13.588431778402995
65.67216628346533,210.41839598285011,44.143889220475074
-3.4537043936282075,-399.7324956310883,168.95617405282616
-140.79740663874236,-133.77184048290934,171.97974922703025
120.8992332674679,-208.27315234566484,-97.61433412142814
-148.02783228983262,298.0546160310593,-252.59315043428455
243.94719752799105,-219.47575610742723,-130.56936471422304
-398.6827348133573,12.380992269287617,-67.60491634319257
91.56622675203988,313.61913361748174,83.64587963139425
-187.79105935827516,-75.87576494437846,-326.7896854192655
-46.53634374769814,-356.9055255320688,-39.8110214544738
-302.7225463800666,509.4623316666245,112.92437912452165
-244.14933686206368,223.782358146549,-18.240134839777685
245.1015266331457,199.96731831405558,157.11898698023364
-199.02521608846286,80.48359735236225,72.82828163850881
-136.26560100211458,-21.189292560221496,83.70135827810638
28.630468977330622,-13.028423435627506,125.89819109607001
35.528036251646476,193.71525415496674,-211.41765041520875
158.5202646113217,37.66521244173715,212.46735551478483
-265.6172967524527,48.529859624384734,-82.59738109476838
-203.9816964969576,-281.87653051077046,200.1184093700403
-240.0964735514669,3.0086270302628213,-90.90874101834164
144.34619924079206,272.5203226745924,185.3364963409328
258.33081585173073,-39.79159718710989,-138.69580957342052
152.98871592394468,33.98825755380874,162.05087609436197
-243.3539532552626,-131.78731992053036,106.67615089055093
7.91656990633256,301.2349493841538,87.58022279197925
-27.802139462036106,46.81867527979507,143.27944617734283
30.874331841264727,-75.51024725476249,308.70666923912836
-315.62857882824807,-108.82018337900557,-540.1420059926907
-161.50585634041482,82.91343614297644,238.8037349586672
-331.0907123214466,-52.59343168296108,167.89123516518586
12.23398400319917,49.49194180504025,169.22637930047648
-131.40615344225085,-180.4802821415603,135.35691233080573
-127.78557376857607,-19.838492371202726,103.78113721780628
-142.01825436021974,-237.9992203362668,-332.20148961289567
97.5628242780928,-83.75372662886106,35.80907616878489
-187.03972190614766,-204.7919369505064,391.0573693412024
-241.4134493636898,-28.948380714627795,211.3148103446567
-67.20264309162336,17.724721584888286,-296.87762751856724
-368.3612072188103,374.68886755555064,-143.2597357549504
106.07537096223771,74.71140497419772,-99.31464879213348
1.4520986076728208,-195.01753319648267,-2.2966024228237027
-429.16710969527844,201.30899695797507,-67.88723746958564
-117.56398835055785,-332.6847259102154,434.3850487317666
43.38296594237895,-264.72884728298965,197.2030675650607
16.07300250009571,166.0709123422471,-120.2870026495863
114.06465122565069,70.18008072943266,159.80874872856936
61.54628163932409,214.85920238875573,16.99156408650619
417.33876191990174,-247.40107214983715,206.59611140442178
-253.87088545660623,-15.63321028610809,-236.55313881263072
-2.2412038082189394,108.79574401603847,715.9851605335535
119.63585682534813,-83.7473703299349,-106.0363947309518
-96.3725693037422,63.304678559194635,-52.10760575486491
-58.50877414025178,204.86633130804051,324.0822182526937
144.18374844646618,-74.45118928455135,-61.58446103841149
-64.79053159002198,84.295461844053,-287.96207811302634
5.6198832931146425,98.83006190128337,-231.99922885734912
-653.78644384057,65.51667753104441,97.38394083963408
143.30304400818048,-10.448403307435177,-314.93017625126237
-14.834385895558786,-78.93457064710611,258.14806956306194
63.99122640587273,-635.7287613071114,-352.9888497509568
-71.3858063653473,-30.339346113569757,-94.33481290255064
-231.86831457590884,260.29248691114736,327.1460066692397
-245.11659571787834,-382.4434167577454,-45.09109384708484
-71.20795540423028,-97.67077683807774,51.40022410350453
-227.19092476118976,89.56922439095256,-230.63384057839068
123.48561958510386,167.5970250860655,-77.64281505265933
37.48119190457069,-135.85844089183612,-289.56462224259684
-17.518701372695876,398.92833368352603,-240.42290905686193
-193.415389704916,63.41040262570383,208.33544518591015
100.97705103911858,-96.82009827951967,38.28870175231703
29.08458124656697,-5.557527415181452,198.16188713189018
-298.4442811017886,48.83335892934719,170.47947302957047
-101.68781333275894,173.29348308214065,-34.5805976918326
-83.58809111468707,396.8625589165191,-226.96861776338235
-210.86112244500396,-312.02213261666503,-43.67096179581294
187.57387789505194,-1.0901035967505053,196.2674653399402
-89.35803186076633,268.3489421176592,269.54065023075697
-163.88261509648592,-316.4827629541371,-191.02834865362712
195.3029901497161,303.8857131026816,-38.75479748289635
-100.14311038725064,-197.9073798342283,123.32595198472868
326.7223586118823,13.055909377648135,218.77411048246847
210.08153029432773,81.49743919627906,25.468311404479913
317.697044729084,-486.57084666503107,428.83148438565775
-319.15764036451094,-143.1172645142813,-260.9253154294854
244.1651970853162,-49.34570993566021,258.6414267678388
101.58997070907154,85.33056280693884,245.65246917822387
-149.19728308013885,45.83509814940234,-73.53325494153721
-22.761390703179714,-143.94821582399484,-14.791795757933029
-179.18310003354094,-305.28376516775,-324.4970509734856
252.76454839601294,387.70605592835454,-375.0807098582027
-255.44267123237123,177.99641373406862,-125.9497640506935
-210.7555302762151,244.43049668346566,89.81715634891498
182.21309895936903,109.79410204807063,-87.28169778406864
222.90513501654138,18.415584589755742,-38.543358760851035
15.896054477692031,-522.4030319724673,-79.73085532375534
-67.60058268017602,-13.504431270937069,-169.55376231830056
-334.27968079096144,91.74792461588663,156.85990519756044
148.8224638836936,-416.6288061994772,-271.80593877778597
-150.92119081549066,121.72621643489595,322.02127071486956
209.1915821456954,-19.21081254012295,-105.23154117633541
-263.48161361810804,157.76551633671974,-234.9381317776775
54.49831002577266,385.4928248452424,-58.51920645068819
42.55606462079339,395.55438389730267,37.02705981444272
41.885162950306224,-66.01948094645023,-442.9522557557217
131.26340501307558,-30.605914232789576,-81.03980796261312
-26.6767927124077,-4.111458065492982,-126.11869232995214
-24.357237077791865,-287.138247213322,-121.99043992541758
55.98263659677113,-263.1925825777071,126.28146618103986
-52.25445955660155,6.317109908980685,-60.32129856242866
-52.07855597593755,-14.611828596271218,18.444966253127216
142.8742314945711,-10.582710691915514,-204.80632001775783
158.0545100942362,-85.155752249994,175.39574936115784
216.5710285178037,-160.61320821872127,-156.28644014334475
-188.80190487917122,-104.94200828768085,86.45393219317985
-52.28030720331418,-102.65693487993317,-126.95316064809796
-443.46843725548695,-382.21082569886727,-199.74182356438376
-239.57888668389242,99.0918233598127,232.2800980852349
-334.67859318148345,-7.965164380917972,-38.751036201942064
-121.583751275511,-75.61719606176986,211.15470499849258
-156.31179692710634,43.281707103612476,187.05033391787984
-237.0932805937656,386.25525739669416,453.76423938823945
116.47048699459405,-168.57905174018686,-117.83379216927891
-259.6342823576199,-457.46391622731477,1.3372343936839743
-372.0406543593214,-164.52633720062587,-27.516493179111308
-270.717702595179,88.97235058620983,469.50324712516687
-10.739366012117127,-87.34967025860882,7.6583593183361485
155.55142541082168,350.6499033841109,249.86002010101402
-268.44161934431907,80.72833071543901,-130.25784200141518
-28.448101220186373,-127.87423349751523,-361.2959494390094
177.90628652858055,315.39246477217915,305.4576474649933
153.50631952618565,472.5184786347876,132.71904141260936
-248.7390706033656,-454.5528668907843,-95.4714442029033
50.47711309033691,-258.14062753964953,173.65881213067888
-2.293881859837618,-63.48428579728239,112.9311810960965
-211.89578457805575,259.6732121086859,-136.35622530461063
-290.7743561879732,-60.45285003926667,-71.0131783429244
-217.44261078793167,50.21618436200735,-195.11982726277745
6.788950383716992,-217.40342209280962,-30.39698095413158
-30.194585492665325,129.02422011229052,148.9323078182125
75.21078066859037,-64.7727096947958,-272.49899057273564
120.08827640141607,-22.425958269704736,-342.6547111510998
-415.9655118241674,-151.42409354813427,-117.25874776361186
412.31503967271647,280.14209648792087,129.00655122322001
65.08968600682547,-69.66983058267775,-242.8935190821187
-24.49776234713239,-215.42229471807332,-202.57229033208003
-170.92228361088718,-91.51548367656153,-213.7712787069392
403.33502707995126,-285.6206587371265,-16.346475626239446
138.6022330762127,35.203826347731145,-3.101240406654813
-11.720597197778455,-70.05244815796742,-215.43269373915308
-70.71518920652493,-330.0463563053771,31.611787549038766
-220.97539209532442,319.03943303906846,185.852534408589
-14.229276794884523,428.2441794128419,168.17552631661934
243.61439889997712,74.04823802138066,286.4089356192246
-138.51350861151187,-5.051113403917862,105.09604191006545
344.65686969701716,-211.0762536769836,-288.558741582456
78.47546107062806,156.58873684086845,-257.22171911213513
-213.44810544148015,-67.2050518021731,246.68631505934246
-126.76946588764675,-209.94181409446176,101.48757711361637
-283.83502516963387,-174.43938068819088,-218.5137177362571
321.19053208462344,21.279289327111094,-15.10515987595126
302.7936740247832,250.88965092322994,361.6290379145106
-72.11307266971556,167.18395863349602,-151.59458390175922
-283.5622766407028,362.7738174506601,-61.122626186372315
-182.52593144490217,-49.68460050902417,449.69995634891836
382.02726573655985,105.69630545163118,-239.76645090150217
38.331900148677065,58.01698958612982,-5.412971712921265
-117.7544999508301,323.21164429627277,-42.23875314585801
-52.41461741451995,273.0980639645385,-284.52546999193504
-104.85787745695096,59.84313692111797,144.39730835263904
200.44123461343514,183.83447683365168,-122.07043490317385
-0.16501608939368154,80.92107467826392,-35.96514231085114
522.2706763347277,10.847544616326903,-407.52440400505657
-216.43798717415567,325.2460793638826,391.9646047790248
156.2656885646222,215.12489736100784,-113.59605210262963
270.19117803384603,-43.62627991247992,-65.47784789512306
45.620487540878436,-421.4314553387315,-124.05494679903117
-305.4356147129439,-161.063882795022,120.93951165279366
115.55634666506994,-323.14533812748044,250.8400432835432
317.5163989823446,219.89654245461693,-152.71768987841108
-189.39618396558888,-41.68938855632545,97.29855394818406
-74.23074913021352,-185.71162175339637,6.652276300272665
-22.187938252400432,-90.60587961116696,35.60787235199256
-265.03384877818354,14.010381079963832,38.44691883989123
-155.8510768730872,192.71186687048385,65.97229374130194
74.59862966673603,-25.001087556970667,-278.67255528781953
-144.81040969561033,-118.95585917417596,-188.17979516152565
5.598542619961856,-39.23930095996132,-14.621381731309459
-204.3494125697019,281.57700443004387,197.11975326915822
-4.743295781088117,-120.4607395751021,-215.30237711715435
307.19272933609386,-245.23803427452066,-33.37022543444426
77.86734168728131,-59.82431028126354,219.95195550805437
-238.21684960807917,-90.20420363472557,-198.20870007805044
-15.43236241804819,-310.1535079594369,60.66427001259027
95.50935052442134,-194.4095627313727,498.01271244682226
292.58940840059466,351.0268286546465,328.48387344474025
29.471226924680867,17.58179294348121,-235.98902486135177
-304.0225164284103,62.49960571386658,-323.24585399088454
21.13483510087432,122.39457184493595,76.13978089498795
-201.20636094621042,242.81635981797666,-19.817202471714026
-125.09873701429728,-63.834590322427005,120.96882587380392
205.5228629726444,-203.9912712861611,-167.62622399567815
33.445162130619984,103.53787603000293,125.67197320185984
37.04523945568876,164.1238164221485,20.856470213645682
187.3837618022634,468.68864753892177,10.840387503764749
-132.87000140395605,310.0371475256792,-149.2678469447795
-113.32792522737667,6.575512239375971,-346.46824378854075
-179.07563434056044,126.09484817104371,-259.754023722254
-309.4058924272502,60.061454145104356,-19.58529205041481
18.55313952010847,-63.192120548342956,-118.83785767984958
265.8666651616506,-207.6290762408631,69.06227065501587
-369.7398944895041,-251.86652465257413,-1.442009883496652
-131.19769814317553,-29.82152744708916,12.764733748467183
-13.868255074396568,250.07240517843414,-2.8568577166479856
46.23326655054281,53.53475341937061,-102.66335214553438
-36.412712137796895,291.66418288670496,-216.55752404929117
-148.75924232993225,-484.0892988870789,134.0789731669035
153.31561829590478,110.52922578769893,373.33119550996855
-61.91494527360212,125.6513200667398,-275.03191507405506
248.34600682358305,294.1297797406486,243.11650316267583
-108.80905391391835,370.0281346171542,-96.27035024995502
-73.60754317241626,-353.86587087701724,190.75708472837493
92.08461666715269,-457.65438121741283,236.65815280719247
145.6484868975623,116.55561118904858,133.0097562000949
-208.29959973358632,446.98139303626755,-414.41999679621176
-148.0245557411678,288.9829211187397,-174.2940379546358
-216.889705500855,-191.40160112029977,-13.474451310950322
1.7342477175921822,-77.71845432949463,123.63923745592912
258.1248495481595,-188.81746190865172,183.51435381507378
-72.03554563553219,-181.53461287366358,-61.571720504926404
-121.17346163439015,36.88579572596139,-27.31963404521848
343.2072951875317,-111.72532672038726,86.68816946735842
-367.00036272392947,-220.89068611784975,91.23364858246542
23.941063001905015,132.71051376165465,351.859159992335
-169.03488863840923,577.6336065229572,248.39607986446165
447.93905351770553,112.55515668712786,-119.7267164061985
60.86629964280957,-214.08001334374995,-74.84188012714702
106.13275315864472,-104.86138668193196,79.24629140203027
-26.40430303008298,244.59609976831803,-139.8966385107692
-7.85902248521183,-456.8311277151735,-170.02277770088085
-112.92439537439316,88.42168364677126,161.6319847083662
23.805478762089393,-439.89670810884587,-409.1117539302578
291.44149388226725,-94.59385146290177,167.79630389871613
401.3571634349381,-376.5486079980005,37.70668195670269
468.4975064953052,393.58757249274043,153.3631448350623
-298.98784217028674,-28.34250324150091,-74.53747969977019
569.0056343115147,150.81938849988077,-603.2014526956403
209.93606742183152,21.033737491422364,216.79173981874732
387.27566652109783,-245.67844024591435,-155.49626436154153
20.372532151308192,72.10169460696245,-121.49283340670452
181.52296996920026,303.8404402668361,50.01846881283762
257.13860932722304,104.05192417356689,-299.4754055079109
100.36267003410607,-92.7204098390143,-272.4694225319498
-132.6944609718446,175.04326824462223,-105.7545365283015
154.98189357351978,377.4264207468944,-72.56647764720502
-135.87928661023378,97.71411747012905,228.26898386320715
-134.71361860339252,267.5079480185731,151.5225583038768
149.89515731546712,-337.43306980377923,-133.17331292438098
-144.23091921554845,40.39524960999697,53.728809650995856
-89.87857237634655,86.7754603736937,241.25688254689078
-129.2475510935604,-229.45956678798137,265.97489065669316
316.61004624612036,220.94309205675768,117.67741437903688
109.47566817086569,-19.15896262406101,172.89595868278906
-71.5340915493467,94.94016702950776,101.69079794818882
-154.8634714240756,-85.17819591002942,267.240752921017
274.0607284064566,-304.4381524457931,-163.22001135384582
283.46581671705286,-223.24624819090923,361.532378717483
-65.24872770698319,-93.57613331348148,-11.262817965143345
-265.2030098823419,406.4796413438021,-70.67700303840603
34.27620162803889,-94.23513217518257,179.8690515754892
-32.97193397962983,175.01976604020885,21.348296327309807
-21.045975961935746,9.08361694970187,526.4764082660694
84.33667444806706,-100.55437412524101,-357.9818287072978
112.16042531060658,215.08365862412927,-80.77693594457098
-0.06647262782706923,-16.473400908722997,136.83178832168892
223.40416829144843,302.0761967114867,204.80639165242138
39.47242065240012,-563.3990410667469,279.39731687886245
-278.4471115273527,250.70709965663778,71.82025392998656
-109.82829867635546,-6.919762509363526,-368.11090587874884
518.1686608855231,165.25823929525274,-174.42917429173565
-25.78742860439185,-38.3647094338533,-277.16397324999815
247.6551422973981,54.88219538315415,10.701883192433904
114.36875718781546,31.153195295070105,35.95547727383585
141.38001837618995,-475.6677765597685,242.52670241288638
-120.01030649835612,-28.872569292397984,292.36406988636804
-38.590787284557116,-35.72599101882306,4.200285123923731
192.4799817317688,-305.10469475582806,108.52896432463417
207.96765681716388,-99.28415059431168,-94.78176560273012
-253.53272336755577,171.49541021907754,80.00297846549165
-58.1654268334624,-276.8010391548967,99.63302108242937
-15.019516254689405,66.18556177890582,66.90257608572814
26.879543904168262,113.06938458520042,-206.15193576083954
-49.07622650671445,147.86175004077313,-67.1786797657432
-123.14770901069828,-26.981145138132575,-94.1159669950271
-175.97343684736944,-117.90731812126849,-138.1127206736855
-42.957565400847265,-146.9151146011412,-23.516933115798444
-42.489372659012616,-30.157710584363066,-4.5678082527833155
-152.5853117643008,-185.65969868458862,-183.48076813368922
125.45599076650691,24.684449845156614,139.25686091377176
-234.50928061721663,-322.08064131084325,272.54961746530006
112.0446509741363,139.5736667102788,105.22950224576823
166.56864066165122,-136.2815110081755,-502.3113244157942
11.960691094200502,-65.86550827767977,228.1523976795808
272.08278089130215,-130.12056559373343,186.74331685958052
98.39337930097594,343.029658170649,71.35328435952147
115.19255928291638,105.61383597059098,86.50387120580037
142.4406410175384,-78.52855689907557,70.46510328410946
35.801071037304126,268.2086237138778,-334.08081586826785
198.45319797467707,-20.90294953945202,-425.656083926886
325.0448048821702,24.92834972331026,238.60552778073074
-268.5299571955325,377.891575723081,12.48001949087478
332.43324819609484,224.95268962464297,-485.7932239927506
153.60426124374663,-501.91254658200944,138.08876746818441
-332.1438167489088,48.577724845684386,51.999132535843664
276.037522967424,5.25123721603123,69.31726834288733
-152.50701966693703,26.363249643979355,124.81033248201597
-153.67900222993995,75.88952421318797,-446.7261521101308
-65.42947922243059,-282.3655553017104,1.365607634497839
159.38055235866582,59.732215754296085,333.9909439591222
23.68310820536533,-122.24935069840664,82.09728351048904
118.83752336958517,-86.71841815410328,52.3950516305397
101.20898476754209,15.057057802510485,-6.616314680397517
-256.8438532116807,86.45680046920849,294.7991343869555
-6.46180354371447,5.036267672881089,29.061932756922268
-429.2035376714588,-160.9960665932237,-149.0149762731494
-108.22601301314035,-210.18394991950754,-20.533275410475408
223.3958574768075,-164.15396127986105,284.6515904008796
-212.05850173711542,-255.70065817358406,127.7298737767373
-7.633845135698203,54.19928155955427,144.00164674284514
-53.91940560127874,-341.59659882374143,97.30276128092905
96.92940666897466,-29.22861648624331,-562.5538603238964
-338.73973402079497,-129.83596106775573,28.482606105885747
28.7084854473224,-222.36325379859522,221.8528352393747
265.1432116135003,258.21523567256685,36.30374877435207
-210.62695327574187,-35.810772310922786,152.68238213592358
-206.83539964350143,-21.266449596314903,-293.920517687572
77.75280956910268,55.01077604837385,-92.84184139405149
-114.289686345504,-12.670480268228312,-69.58066991260493
-115.57431374581991,-112.33841870085105,221.58848919398218
-410.6583023112092,-127.18978782336295,-266.80615153874936
-66.9038019402939,-381.8147408999238,-178.73000560384605
85.91880519183829,25.437238402930696,70.0891652870715
-102.0528094041982,52.14438618757618,156.56368377578187
198.75111087938808,99.39120835758605,98.80437004383786
161.65313141788553,-419.20262824960474,82.29325162023352
-12.15295864427328,-219.20127881922886,600.9573003720168
80.47941982421747,264.42986924882666,-21.802315672797103
-172.30025244806976,214.14665058443356,105.99982190666923
-155.17004266989358,-3.2060257376507417,-25.341714457122137
-340.67697349587365,222.37375037434293,6.446776094019084
411.1188991090847,167.83717590045936,138.57035330592868
308.57451996162337,-4.6465169279499055,226.2169410690401
41.73166430426908,-63.69427972630321,-259.99030503437723
109.6887308762766,47.0227352885186,-367.69426760422147
156.08154155056437,202.31786513234974,41.57978799159518
-167.21384587093948,68.7162097132495,-11.332807492671156
-177.54544391395967,-130.66377090055133,-272.0053150121689
68.51210973041442,4.532697589201287,7.064933620915252
243.46935626167942,-58.66425296217914,-298.76077549967806
-94.17220456386295,-45.027613813694565,20.165385636943423
-117.89673909957673,185.34384712330572,-5.1249107538134
-185.8042381575239,-104.1568967437226,243.16495826785925
-7.361650131594046,127.22112492095081,100.1371784039076
-12.88252739936947,-198.72830952322016,-303.0012215333853
-247.20337192804595,-236.86201438142936,193.7159240153087
-7.113763748102906,503.82054942241416,-337.65710566725284
-29.83991433246542,224.1026759077759,-36.667618200928054
253.79866711913854,-326.66483402179114,-158.24728688603452
231.22110824318793,377.15782316672124,15.697669850397773
52.5971236445637,-45.754774678404715,69.83209939885663
61.62339740134589,190.8167295640543,140.56959965142747
-113.65326770677109,251.08230705296313,-86.83176312374137
223.309721953235,22.267769269295943,266.891129960316
56.24255372640632,10.119350130310504,-15.597828972850479
-199.69820183853136,-108.29644751442648,153.69474912747205
-53.71602114482796,-61.7179108332419,-252.88868036547285
-86.71432625941269,-6.25178994003941,-253.90895948863687
-400.9829239181946,-15.735637973772715,225.83782104859017
74.75618114227025,411.7456946417501,-203.36189929308068
-179.4944574527814,535.5115721773903,-338.76750571635563
-182.03739524405816,6.805263685328677,-306.0789896210736
-152.66343755703758,-229.60360904326623,-132.60146882023025
-446.691737272296,321.1612915694981,-165.11092600906701
-100.29247281747881,176.4797909162256,165.09479040858795
43.21161491324888,-224.30330832654099,44.16959600223749
-103.69675952302346,20.363432618383005,17.54822696531593
-4.595844017397254,-97.52364505695063,-51.82831042962542
93.4934969389084,-377.0980018390512,-128.7225755509359
-707.7301375380008,-22.082097620857528,-11.019502319396471
-109.13302994764248,322.22911690755535,-273.3942810257902
220.37032497061685,-45.76656925270543,-185.35126106825217
-43.26716580874608,-98.59844881371622,232.343801329775
58.50801942098398,-151.28090169764812,65.15802105828725
-414.69964097779257,-209.26681369616657,-19.894894629622822
140.82047274009864,187.15681520911036,-264.1827673168888
-4.975710960403063,185.2614169243454,147.13317072239192
182.94125038320382,74.40507844586446,-183.43943335187225
-210.8083005634113,-293.75624358738423,220.43519367658408
228.28935973470723,12.807353879704442,13.543914828139634
3.660151578912343,151.42727744937812,168.60640989835122
-77.35194132702489,107.17288165413312,43.463430345679285
-177.62458404677776,4.519287495711369,-5.524874438866485
-128.41171331910164,108.478990857008,252.51476448800506
-52.66715918290435,-244.71271653109014,-133.72255145587621
-151.54359412025622,-167.97044212389918,-232.55876131757745
-156.46178021282032,-140.78985774272462,-104.56185292868726
-276.66553322691476,142.06384276325753,-18.80304413994119
220.66219449155878,-295.9207848050792,138.40794302208263
253.06926813273114,210.30873049900794,250.42312333248495
-41.689690972061115,170.23694636178553,265.8926226136365
-22.158097504678974,-272.5657591870641,-102.07182701987857
-33.118345793243414,136.64582319411187,-118.68439381690564
-56.95372475412023,190.14841407663846,-72.59106057131949
-147.41186000074083,30.3898212974846,-14.708802689116624
217.914670157092,-68.29832997735019,-66.17272077719807
-40.07640936381862,57.932106029383384,-136.5283500837079
62.237656010686635,240.4618125179784,-62.42869019732344
53.7859847090336,-32.16944175552644,109.65676540088282
48.942288879468435,130.18704832633057,-102.08082481201753
-287.9391665646462,-34.29135086552718,62.967109191729776
128.71974630498562,227.71086174211536,-155.27978508179666
-72.27612658111373,-111.16366981814436,-84.83501037796175
208.01434710148916,-186.4076886395191,-237.49201678602302
-87.88026242060198,-114.34233425839841,-187.6725150005133
-114.15139282954173,-24.41543637421656,39.4287345875899
-96.70763754848564,-37.77180906545503,-22.721762222855546
-75.06925213197356,-116.45097989014673,82.27601173319846
-53.55826729799324,0.5466723874078466,21.926771367561834
-218.47584911116053,-86.93495226985698,57.18888229032809
-172.03831824155665,123.58169086113341,-184.9361061137188
326.3885533264983,30.88185850688643,-329.7029746892508
209.76610823531644,-250.35477669668623,220.34130247602485
-118.08312021267916,-357.4732422061056,186.74450931636378
482.85333466533706,179.72521387721144,-275.44194160489496
155.94961964302857,-165.0654220004677,-157.60611109016605
-297.7610194111802,-141.0926144664304,381.361619736736
363.9181966332356,-183.4094188817459,213.6913866260975
-54.16513232607592,262.9251197333268,-194.07890949357963
246.2201831404195,-72.29759799347387,32.983318917575815
33.93515660021012,173.8328281156887,-147.33675107856607
-398.03118148387927,236.3329736193535,-78.97080204674431
6.404159127093328,235.3600790903669,-287.3688435461923
244.6508706250124,12.23862416263398,-326.79505277500505
147.2315737998777,188.79480202871807,194.98404549697
-331.59021796773936,580.8566260453788,126.08839853090227
-224.583862380892,-260.976910559032,-117.77945062820234
180.44714724009663,335.24231794274374,119.74501752670301
-3.1872258484907308,-373.3515040941047,450.7414282754812
20.896639218777324,105.61848780458062,272.63317228379555
94.94746785031435,40.58388574958176,200.87066870975832
401.15347198912565,252.15172342595756,48.981303499750815
283.6083328912871,-153.5705629969698,139.26596235828285
-82.07017563193857,241.14480692763243,-118.14899741433628
48.667885589087916,-175.30470438506555,-54.54588985469997
216.064555820449,-15.403826806852841,84.66898406197892
-60.84791451916704,-66.6454646229067,247.90613818134528
189.93179609495397,-588.4110597209727,-421.0778358417372
-326.9990234873081,83.00199350619746,596.649657091035
435.10985248822095,-72.90342252189504,-281.53540548856904
-233.34527787052102,-181.92874123912702,144.11044350061016
-22.483822426674717,-519.4808984443198,-344.89662333815374
-101.81546714872269,-258.9984996477866,305.7372321050541
99.75117261809135,37.66168081898456,-10.859449648607201
103.59870222024041,-332.350190542389,-170.92179196216867
-87.42013666751694,-97.07147579864157,140.8205409841334
48.02437877118486,43.53009017315106,299.3483526468414
202.5678042230278,-14.693965458190934,-143.41884198712955
-242.8430501700464,285.2674652318305,-292.4182148615452
-65.9391703309266,-235.00847172289681,192.43316725853776
389.4737097872952,36.81635756970624,5.63383461870996
138.95999133234199,39.47422903086125,325.13329184492346
217.3446049107846,218.61508835781717,330.44164825384803
314.0488548500276,9.93505999518576,55.41793624325589
18.509081859699606,327.61851520309034,472.5608785414162
-282.96279406121147,-33.138460974419274,-56.79249396785845
135.23760802317466,56.49698283176918,120.33738676197964
-33.20904825349518,122.07722213872617,55.508047715153396
-274.7813088498118,-108.77612901463469,-242.16907751320275
36.38532017769221,186.14334531590367,136.48681670084525
-15.854308659928703,196.4840544091199,37.98495725390347
20.64626219485025,6.674870812899512,-88.15368713075812
21.926991160638682,168.2860449010697,348.50707999547285
46.101590715124324,-151.75262631911394,140.5390636679617
-141.93365728318406,290.9463642245569,-67.98079164029676
30.82806435250737,457.1110735064184,75.09347949082361
147.19431022341158,-100.23923206932159,117.03246511740224
-448.94483825354985,109.20288668575176,-113.94292402654389
140.56148713843172,181.20761734356773,67.75023683719894
11.372676155240038,123.73113232106448,-394.6540999514221
-80.36848033493861,-440.2005931096684,-108.33383212780949
-168.6187954752462,-90.77356484125802,-55.8830899611602
75.585660371876,29.249143336746336,-63.52972364833983
149.04093923180875,235.38433971898667,240.7425674954827
-210.93277397866123,-43.42221404779639,-2.0359356721699466
10.477981904675646,-95.06397808728858,-529.5182285143226
-175.45282687665298,178.46235738977543,107.56486758500812
219.34480467425345,-61.828825654106055,183.69300224925635
-44.909756805142436,-137.56674083243442,-389.68066985257786
130.1200302936273,18.469816628615572,204.5201400514611
-108.78511396729954,217.4667329413664,-54.409278540248536
-14.44696076365926,195.37263243497085,29.20110696430449
365.10194219351774,186.71336872454182,-89.19715456446936
46.56518523326681,85.53730754161586,-125.50100239438814
-141.0341096444422,451.1849936218089,-103.82349452824889
-354.76542400695655,-78.04992957840892,-406.39361698521134
-452.51119326889847,266.5494540387944,148.79596228108312
118.69846745823445,-100.36004165994106,194.41314215684784
-282.4871974040082,-134.5372199925355,23.632894840158297
52.204614020462856,-14.905189028176522,-23.76146970720904
110.61339654537976,-108.59225367055606,140.83956504406635
354.68726736239836,-222.1116603001762,-54.309587085396956
-149.6390601736455,-37.90928465538405,-192.77494305176006
245.86822428144524,210.64387217108168,297.74382606176465
-267.07199763949615,-50.732815011033765,154.14936390471482
99.94086787930736,298.6484261886762,-11.335215217378703
-51.06969611967873,-203.39361325795852,-203.59924285551722
-310.7795223510061,-243.60699127996935,-317.26113587225655
-204.86389921293465,244.74120041792563,-58.78605830054967
67.2779141584532,-207.7747558615553,-98.17750449207655
46.15063822893876,-155.36499524703459,180.52496461892588
29.8714973661179,-105.07641956569901,-152.77347790921183
248.2644040443513,-326.5895480701087,216.4736472398003
133.0854472445332,9.336298626269663,149.76829885148905
-17.120831069276786,124.74854116943528,317.7377223128379
-136.21206283120452,-187.46016339157006,149.15000589763832
-201.18208716458952,-51.5200562272038,-11.689404620078934
-294.09354088295277,161.6133057870276,-70.26867402242246
186.71326537310873,309.23385515544453,-134.9088391782225
107.49033488392438,-119.17644664107515,107.48644543595107
63.045481403552174,-19.37272045899041,222.74061057690076
633.3527996614965,-94.44188048767198,92.56494508988365
-5.008767297831029,-163.0406716721386,257.43969623274046
-41.862244922279004,-130.774083837678,173.21593188406226
-255.9124633631379,-161.08889032405582,-373.81797163183995
219.58963284800507,102.3106527915727,-9.735086596566203
130.28293061535066,-7.126732080906217,296.1127497443061
-0.08479201488437017,302.6786431656617,-87.24688293700868
359.07208661392684,-39.642640555202945,61.20057118838076
183.53093353954802,36.457038694963416,-26.730528913389072
-183.87257391495015,-205.74368532375317,-48.68442621450471
218.91198105755214,-207.18499649953262,-14.027028294938788
8.943769700474041,45.47220905932637,223.95778358496887
-176.47284263515868,303.3545295748118,88.78290718935361
413.2850993237893,-112.21949752377411,328.57957084751257
26.365013275088696,254.7476296477554,6.031407607924154
78.22708254407245,491.47473202952193,-0.5740909292330933
-110.80754039818447,-415.7239474929044,110.1605910027222
15.691127905528313,-122.1927557616919,28.300371001702874
-233.66275826202238,13.440923664545764,12.436018780232459
-203.8243945231475,-57.1396059884508,-98.31255787167225
-346.07303274281185,-247.3133223048537,5.465364838800439
-40.15166763564922,25.274990105558008,-48.09078154198555
216.90743219995548,-113.57392318836557,41.94704627138163
24.68603988170221,139.03497866778017,-3.7051560553418197
-208.62158286139402,284.3671864325359,327.62424368134157
281.2274742057533,-27.17444796412556,-317.6277987217408
110.56852034411946,-85.08857732172766,-260.08500473003556
-230.151230581487,-24.217348646213924,111.62124762152187
45.22819929862471,114.28629829760222,119.39315014768583
207.0333714389584,82.27757810636098,273.7172093615596
-150.95682659658723,58.931093611607714,512.4054081413544
-333.6007869231253,-183.0662239100945,-106.3199273797334
-10.374184610878345,-93.43357256197135,-78.81466367060041
-234.6379601792004,-294.5073328359388,-233.35613245790088
-168.01504463051833,-37.618091596071025,-121.57481365361613
-25.07857907221772,-477.63078511605596,425.30548522189986
46.69081438829489,210.62429371734146,13.003343315254599
-250.62973376029632,240.5385945079618,66.76803097755065
160.05981367148053,213.6405189435173,-76.52092461867572
22.21332701260817,-260.83401913560766,-212.1370410920435
68.66043355135771,-13.789084812762226,-103.06511413867209
104.70731410829454,142.24682788357967,-5.100255003029436
193.38482444479098,-0.47777249726409243,190.41353256933908
-287.1131181310369,152.95050538709725,-52.28283384182929
-36.091813418901786,16.373608518076832,371.1399063723518
80.49902350430416,171.49228306149777,-224.80713088995017
-200.90952641946706,16.651545836101857,-6.157713992368428
232.21269866987544,-150.04862439580268,87.8171410134368
261.5141953162307,47.86359870272526,167.56642915033706
231.60047743598446,-51.71986850027987,-91.07132592149438
180.26981642962988,196.41147688631676,-55.373480866170276
24.73373900177461,-337.3473674398517,40.911194007908556
150.14237821491403,60.00219340007894,51.37022038053017
138.1553399209602,58.830413784054834,-79.23458076006546
-398.46779805646,-129.32095055450327,93.20057839621667
-200.29239481856325,-241.70311637562318,81.18892053685634
241.2736635731012,-119.25754308585029,-131.95868756248677
-233.05106421290517,168.3733914111886,-88.82655503163927
-124.426107762447,68.66228505377141,-240.08740976675367
-233.84075867422433,-138.1587409506779,120.59740138777737
-104.91574240786008,59.54014943701301,-154.37052689987013
93.70395979912449,-180.09341644882133,-207.54054534347938
534.9107169545969,99.7939685425336,282.2124249954977
25.981763502278888,30.668767755163167,-278.83624481428586
-243.0813381133847,-499.8482287751379,240.04570653375887
87.14311057736943,-143.73619015228684,557.1842531728469
222.43440983284347,-27.07470292348401,-190.93724300386742
-60.19827436543296,-243.36140585327368,-17.800593910157602
-329.0630806610124,-103.38020654016391,112.73223574593328
444.66277391867476,-322.3365177067461,-3.470377678623436
-15.468615208836214,53.23468793525835,-342.45738202759674
-165.50125950482536,-100.78112539495162,22.6076243213342
-140.8330441418326,-49.28532468723594,225.9704234086661
-397.2045924496889,56.61522458096371,-173.2273854799127
174.62443978448704,-143.72762760491364,2.653421133368236
158.11315188286164,-305.7610015314877,-254.98973730021217
-248.92300046864466,123.52807479983099,155.74327052239008
-54.96132074785806,-137.93012489909935,-311.72131406990434
66.15988846689535,115.57659047596471,332.2748674561154
-201.68740832581878,-128.16860067075987,22.681105881059356
-78.90285842002,58.960140776814555,-248.01118791846181
133.43788276549583,159.30658018749958,-138.98780906187304
-233.24529805430495,-222.61436958024424,-200.8220171426408
182.87808664113302,316.0494768233102,431.03500591809
-72.34850087312752,180.04931067504376,-51.457581215382966
-68.54666512300129,259.9291669140857,133.51690484907644
343.5796603710881,117.79473239214906,-28.674109466697026
268.1775768966862,-272.0289765149331,387.61752878685763
-111.78125459140328,231.56658669592846,142.67920871780723
-4.5475395425917915,389.2449721862303,-55.67643957140625
354.4674730836975,308.88853964210523,288.32463236905096
73.42353118219735,-103.65471708408847,-274.75719936666826
94.92375452148853,-77.56718866601288,467.19257225427873
-84.84196487801019,-74.09053440466967,17.25079890323686
-12.466708585819742,70.65961235447818,-291.08325174525726
232.9417207159747,166.34972511684552,73.79580426877193
-64.7054912949138,157.10874449956614,257.3001414574385
9.13350021160695,89.7644942799345,-150.7661647006183
-29.044227384887645,-197.54768457426698,-56.07270308330208
70.104303526115,-161.85222882576167,302.62464492647536
-74.93413441873415,98.04214761048715,59.93657198955443
67.63679780436328,59.59898810293984,487.2337382930776
-190.11319360633155,152.1412593421351,29.738406691067155
219.50007290005854,-94.1284007239189,-287.0506726408831
452.9736660989659,-234.20412080386433,303.1752826659499
403.0648536331619,-50.590204087180425,79.28052104411657
99.68385262392907,46.26284806206481,103.2315390318486
-290.75783924188823,310.494030338699,-204.9569719036662
-213.74232545980345,-213.7092430030132,297.10892444208855
-279.54300655560706,285.05652282894505,38.955771754260745
8.584859763681333,55.03212144053607,40.407871413389415
203.2761966140106,-232.02449633698777,261.4964314239232
-440.8040134743703,66.27133919690587,90.03344608828274
112.04097394726283,-245.21774448616873,-108.81839682657176
-126.60783692326494,-33.388674493197634,69.61180914822953
-178.77304451792793,246.17465218820087,175.45945561222823
-26.706123956506946,313.0277986951505,3.066898567021822
-18.791196735378957,-20.68706944549622,353.1153529345639
-302.49185553460774,-30.093498076194177,-88.42055131872101
180.0398786253136,-189.14308000324334,-219.42921721001753
280.91579995701636,349.38555185668645,182.13902425711674
-69.97792395078197,358.2627788539704,-612.6407914678932
-138.68098366708045,-429.490997781002,-149.18421566805736
-143.09539555657554,34.56233819894724,-86.5962546812326
254.0735427891003,226.69880477223447,92.77617441593917
-382.92464883191127,-241.5849091267111,297.92561391726593
109.80328543303473,-41.154294610220774,113.2376433014564
-244.95579093765028,-214.98370630547993,395.00583864327285
-133.78033895222325,146.80197737274284,-175.87717010315367
-413.51530603714576,65.52385982393278,442.39563073999403
23.183571570169622,-225.76853429325908,-7.915808701435529
281.3305531999644,229.6098327814865,-185.60242767609543
268.3822088669916,219.29868194510897,-112.48954880207259
-88.55636424142055,-434.1211115396858,427.75518849982785
-435.4304786257893,-115.8255217419181,-88.48459925052853
41.56483027237862,207.08368294469267,-155.2955543367698
-81.43317008512652,-276.33802280117266,-4.525140941909939
-225.95882141479672,-153.0096190595779,224.15488361391476
-245.19340779827152,-367.9644950578571,-13.07706057215927
554.3867658058138,188.31190180250118,258.9276880087251
237.5592517644991,-36.3030087996743,-202.46965480837432
228.29339100200573,-358.2411024665424,-307.5654227189572
-185.53234505939025,127.79315023952978,179.46695630954753
5.25846742426626,-208.52099171708926,321.1436745150545
-184.37602293322126,-86.347411148458,184.84170894948917
-229.25192599506974,-44.19206244498451,44.002323978159964
-411.6665657396545,-63.13902908423777,90.59076963691635
-325.2388445486298,201.26221830979415,29.682733680504718
-93.89293292874387,116.48245348638008,-158.94783588264005
41.04374742654064,49.31474126249877,220.12502698008973
-33.6507587912567,117.55562962305409,397.5598253604175
247.7259984481236,180.6868063033712,-158.0619834943228
-166.2534352078177,-50.783086466962146,32.51692940826569
24.545851217780456,139.1183950030971,16.299816268010368
-155.86157201227203,-223.2121777859144,-116.08112848147636
-95.70658678371672,-399.8692934202999,-54.8551440291481
-278.3941856124283,-26.451760791256653,168.5968769426913
297.13015763962943,247.15748203615615,-206.72649965414465
-67.53079847999221,102.01470765682362,245.02050053307
-171.40134425406197,-70.516142536461,80.6615920506873
-189.41786302729997,203.10736419514035,201.18497672504444
-138.55706224863997,-441.03716705671553,-54.37417128034127
-119.1815371066817,86.16285885818952,-186.9176732197759
-14.194300345406367,38.48836201851316,253.29256132435407
-63.59073965686095,-492.4849426220116,26.53049227593384
148.58315867956065,-187.91958911666757,118.28967457728955
-154.67344843987442,218.8876925359395,381.8308225371505
215.14958348596116,140.28058472941987,-265.54824865784144
13.32336480848509,149.2409439105733,319.5717955517186
-173.67697478648242,97.5278342259905,121.36320018344269
-173.8180989634953,-25.353209218124842,-23.132613798957795
350.6041032703333,-15.240384118933788,127.5612751210488
-143.33070865238585,-128.21883937678757,-57.19956705560141
51.457335555422326,69.02512068135546,-80.28573073300066
122.2133430846232,190.10162535994812,64.11892101906281
215.4550741652959,274.67035220689195,-262.47815443645896
6.240276579752446,-63.582888799502975,292.34296885845976
82.7134967133948,-337.9907327684866,-248.61417590033645
-68.1082712078961,-67.2683279220983,-50.093585575738075
268.5231951379227,81.12408242864986,386.7798902059459
283.7496991406662,289.80449604245905,146.6445797605427
116.86168375754526,-388.09542562725784,390.7171160109513
-55.08958284462127,151.12621125077786,-118.43929511005122
207.25931455610518,-273.05886956252004,116.12106307082138
198.0440306775798,-44.26361362091666,132.89579015079812
42.74806090376062,120.45274349796298,-284.86013482210353
232.73005555269467,-87.47842465606371,-115.10495809120852
-68.27929642963404,149.8618533086496,-41.883499828509116
-193.23284352248024,519.2327887148489,-215.77747868269685
151.54164878825867,121.09480625166417,152.36697894332363
-68.9283175277446,-91.7832204391586,-21.506409387749677
218.06206216970043,-62.083298204841974,-144.27837963225912
-101.21849027206514,250.94092800512675,-126.47728973308872
-186.94718008257428,310.20484877147084,-122.03942107247867
155.8700470480101,-654.7215745751575,197.73416624249714
-115.90081046709344,-242.90079793929527,-38.28055209387109
1.2174370673146562,-60.59821190797082,47.78126514420592
254.965324671664,166.20006044393048,231.58839942922398
-40.02424429181128,331.52035107378265,-285.77124311012795
148.58265953004937,-265.8968716782556,-284.04111759201265
171.93904674664978,-228.6207267508017,26.24621362855892
-383.4836817656048,-79.1006994526781,400.2974254270488
-7.0349631677206235,-365.6684917662718,-23.82661536712001
18.229891682389848,246.6154898940014,25.73813015546803
148.95625884646157,-482.6908404679039,-36.67325074294155
87.96806500040712,-29.21721764327761,230.0814117981375
-351.4798051957397,-226.82880942982862,103.14877656311319
-110.1130705534104,114.57450019323835,112.0685309656924
220.0941509816407,-295.12319996189495,74.69419506043211
92.93441804776441,283.0001706385622,4.040839442870497
-246.3695846728581,57.276391780379086,244.04786655327524
-234.99734365611909,-18.13096633402001,81.54616894747306
194.95450654023915,199.94598405175373,457.65757267804236
-227.4758904964323,138.54331595217485,-136.1177538353741
-58.706543550120024,160.4851670097527,-237.97664332217738
381.1167417537675,319.77194548596896,-309.04618588547044
-4.101756923559479,454.99210507898766,-355.1117169870932
343.45657573296853,-328.96010292483203,-86.51894335127655
-69.67923982442657,139.70715930283643,-224.54139315249213
-215.05734172814016,-177.964789582885,-396.947947906833
-119.1860353775105,53.71524196423058,-38.30085780328318
-87.77896213114208,-298.8897953331405,293.5763236199597
144.55700808962953,-161.1793914536617,261.2220805118492
252.1504363910992,-372.2918998515085,146.02662208816852
31.335439154722657,188.71648887275057,-128.2267199588933
36.339314910894224,282.4468487827359,22.641724185495622
-39.3115170984089,-153.1875158794923,280.0990783309355
1.6927365586373908,206.2108401604212,-151.8301673438656
-107.15353527575931,-261.9990925975672,-21.905943672625483
107.08164898647021,-167.90624438641282,-129.4096493888959
-199.8002297556084,-176.60969299562825,-29.06243676303701
-199.02050220393247,-297.5110533033921,-264.2222244505035
-411.29861843886306,-280.0442807862109,0.0399521835149981
324.54839266330373,267.43510635549495,-249.2296089376472
-60.66333226799424,-9.05921102472001,138.58084115188197
-84.96432332228386,24.173867083686236,170.9008464128053
31.411371896804745,16.339296005087334,39.64833063126912
-48.22072023978793,390.50301798774603,58.46929805156907
-174.30310787513002,89.37446629689526,-393.8853941495837
-206.16661384726967,-381.97148664692924,-160.60430536341386
109.92071804657087,-12.588798726737576,-258.1440718014657
-4.902703805020429,-231.20138390554015,77.69637157935291
66.65832525429902,72.84949866533437,88.27670125667724
-93.38835495309313,228.9682977169702,-207.2245175189226
330.83722810417595,77.77506955337388,107.55010632057679
-292.9919944653736,114.81040227813294,127.07436579072747
384.00666596709016,-151.96828093345445,-207.7028752809924
114.04907633067513,-111.12188325643099,178.03437446159288
120.62693059391839,-58.78324221898709,-12.767537602041742
47.13007636120256,-276.6648089745673,172.8477162483453
85.35142827559443,-257.0192335882223,-148.61911224501617
-125.38756323049135,166.88511486295462,4.5774855396274505
97.65555268354463,325.5714735473796,141.5887871390172
-107.21565860165326,-19.840993956743098,121.13061905601032
75.36044300928077,-205.37716265582856,273.5481313026689
-61.98297826475601,212.90833479310697,137.66245796154237
76.08164545707147,93.82167228879827,46.760455073908474
-186.99016546254208,-230.91397255961186,-192.98033068489016
-221.03684411055002,86.90165569855198,12.06119049630319
218.87811556066842,58.39703584044941,-33.775852879093684
-159.45861427271046,287.04501221677174,263.3816665140205
-86.53459212507127,-23.069577626040168,46.54303236760878
64.46431621526636,-193.8950595592565,-105.69336857326375
327.588289740097,281.60937888433756,-101.38155222278154
221.15427039398537,233.89532785712365,98.54286135606557
122.49203017697029,7.2955644124947705,-307.6227908348759
188.15369021064762,-15.367960523598187,-411.7727665708785
9.79259441960897,29.37881635704443,72.69044683986579
129.44760447574893,410.35266523659993,121.50494552944437
-234.46826520328923,185.06266042764884,-431.3553537906629
-100.80392436800787,-300.53678505309404,259.47661621378376
-1.7073569611587562,340.57473114120336,201.1410256607484
63.29146059554115,122.83452080979288,-36.320440164719315
422.4489987348045,-108.05379764392532,92.63914307176975
88.04394764343353,-10.711490020435967,167.80931534772142
67.891497433421,-11.289797415209767,-64.22737646038905
46.5935815778582,-184.52522460265484,-92.110681396841
34.961382747105404,232.14405818432667,-33.664726652568
-88.89262200061182,167.67710324900767,77.02281218566166
-175.08853529853366,-168.66686705724035,-146.9291340790566
355.2646490003484,-100.82923773041495,153.49171526432409
-131.9761262626093,-133.4156905841142,52.34882542861424
-308.15063878788493,403.15455592322843,-187.16558859275327
236.57195533255643,206.2685996313617,284.1138378984721
-162.93898982175102,-149.28235657435707,217.92574479171873
180.61167048911162,39.649039534338634,-282.08391433793537
-29.35616300066189,-213.61759849768734,-41.16197327657335
54.78220957611714,-229.03901206218006,-176.21496282114398
-237.19308417380066,-73.98035406038761,54.37030942963124
90.93975726871132,-155.19001086962166,-286.3764744529741
262.5203436320693,-157.66319649422724,-106.54443136125566
142.2674222028592,-45.62201652998552,-113.03665651386832
-171.72300986793806,-186.19750448514526,-121.32724510840877
-20.717064994914377,-57.66113651011747,161.3385977743484
168.90484855547638,331.9628792749351,57.75641655029835
-672.7419445992718,-83.34634698496967,-122.93316263456862
-109.89639666012097,-160.86347387452253,117.05893558279736
18.280383248045162,465.7638912054871,118.77328859303455
7.194936222230866,-20.583274315330478,30.304965719315536
347.02834614569304,309.7365675016677,-64.47987215322611
131.30363023972032,-238.48265984315327,-322.57732725246933
86.53529057797509,44.82092306580335,-172.06873940305746
167.4514381898442,-54.24226395261491,427.12858949190394
-372.8820448081382,-9.371169231020449,105.0377810463582
-206.5696215456141,-309.15135457903665,226.3568610849563
-143.15089024742431,128.4708952031027,-100.31222209232557
-132.70053401053434,45.38122358861348,90.68987932436482
220.83008830911578,-197.9102037919206,10.890455308078375
19.673095377087208,119.06887452490847,-192.119381234218
-44.95090119615054,74.08094907690239,514.6930461112208
-3.046843384709858,-44.795681989111806,28.86141934761157
245.86243165317183,418.9959265045164,36.262959077356186
-147.67476757779488,-513.7691164659788,21.598492519643056
-16.156056080330274,38.85959614067894,-184.88585794969015
3.1557518356524876,-115.17061874204566,-94.44265570806621
-3.466395916212327,-186.926399134229,-237.83458050568177
-256.52392834095946,369.8327384287357,-222.3977729201287
-162.29933548834083,274.4083061160311,28.38843752418009
212.13974877671092,56.22921235193683,-122.07163539257964
356.57095288899217,-502.48561686686173,382.828480144206
-43.46879659549543,-70.32052886976602,-37.19829607741609
106.47437210351947,-141.49981883739383,-235.3506399230692
-106.30157828494286,166.77257204984346,103.60158261448144
313.0233020570902,176.97633147474346,249.45503208322793
141.7341723650657,21.610688027801054,-28.66566698224369
231.21569293687867,-65.36869552696827,-20.361349609592764
-101.31892099884634,-50.67008297012877,-21.267487020067666
182.05721314661642,-211.91446744706525,167.03445972192463
-64.63299042049819,19.35602604607072,66.28539057811625
-33.865058490466524,-206.55145439570862,-447.1051943664001
-239.52490433242204,74.06744245931182,27.721250071587463
-256.90216166182836,-58.76366230951558,99.64737458152419
-45.30199406878445,96.49472007357937,-322.747083656507
-299.39351495209223,203.9766893211647,-37.84765481991993
-118.64319540279163,-92.32732587342122,-49.70379860185483
276.07114742629176,65.03532158633287,-39.32538197957466
232.34312417072405,100.7605423322123,84.11813299624042
