-108.15616059827134,-14.584465034135782,-53.89161282344684
-132.10568947667196,-101.05181590746831,-162.95003968673194
-60.5168767502169,70.06144171995878,164.84888430309925
-102.77417562010908,-38.379649482002144,-32.74768705546927
-83.21272150791893,-21.845950355934363,-97.68611889796277
190.7141987499394,43.004408893758274,-34.87671855638569
52.059977061078754,150.6947341674317,113.12611629920269
-90.35923705253062,-83.53471242526365,-7.208491756348679
-15.77732015001813,-275.02751415707223,-15.80810747579741
-100.5593495815863,29.821113188452667,-107.68937731614702
-144.8952130521799,-59.500066875041554,-217.63885332039862
145.20814635015805,201.45430131934796,-173.92705411694777
225.67322308289295,-217.33589774551265,46.45383422240624
-22.202874049038222,-45.39923871043665,45.835423220037015
9.498725145156751,165.7241336317113,-16.991944203262634
46.62048852458303,145.5677555835195,-152.6478535820738
12.334574123945684,95.03906574057741,234.63511685654703
-115.10503780799209,-17.984913999155864,-157.30611638751816
-82.22596166858894,40.66925990968942,189.09816509979774
113.79400172361365,183.699593030777,35.71652179337862
142.68826214839387,65.74576869650373,239.0526902727365
-189.16176293942104,-17.19039151516246,-5.104363788367239
-86.44923232999986,284.22504274349,-18.26848736642586
77.82621650019243,205.2744771641897,93.22239578406224
-32.896449328934345,330.70797532649954,-117.97694167444828
-228.00798031621812,11.858600044032496,-169.11047026030602
248.60279009831675,225.61994762991293,152.50141538783987
351.4177384298181,57.11875573568913,-59.76946014979228
-71.37376208707535,-81.86157031369568,15.013176882358042
-15.951370189761048,33.82521518618058,-22.883607096010685
227.2430686179225,-131.132336621762,148.10153304222365
-6.876232381905402,149.47472606725813,-198.66637073709367
126.27227623127519,197.40977665084924,-240.85157802064697
-208.13859421110072,8.372651964020008,-241.6976530879171
-62.54065136698737,-263.01398675709726,-16.154030465672065
-18.138394466513166,106.62532117140573,198.8684503431829
-129.47580558114768,-217.57127780556252,-85.43014547160317
-48.86049554098168,203.73989261880484,277.13283959049244
73.05068797069323,16.998596075027987,-164.10354618511363
50.752074485026746,-31.701842268799812,100.55707513150217
4.8723191842891165,248.204881964673,-177.86842556893998
108.79936556410154,-47.86559907329345,103.90958668659488
-215.15438449943906,-80.36118410202842,-85.61400126943641
-6.373369762277586,-80.03909306537777,-17.449881586499842
-108.82556084864473,-28.55841979865092,108.49470337572184
-96.13812960837961,-149.91025781070684,-72.78862352463167
-50.66691538773823,69.90441643955019,152.06427353102703
40.750310071283444,90.57856379206667,335.10878750034203
-99.2447122867558,-447.2628545216073,208.52328011543514
74.97769083344133,178.10582853064835,-206.7331575923219
-52.10190991001735,179.2982373310552,-43.610140165441365
128.6437587135492,-67.48542898316248,10.69137566129501
100.95903633903465,-84.40949441877547,218.35619516232748
-90.90836030608807,245.28803555887538,314.3711765325472
85.24773632184763,-6.4597430279783525,-30.481726062623796
108.5339844876889,-137.93756147353892,-96.88304491355876
-195.67497217031362,-21.60738240667378,-9.62923715843544
53.105026961516536,16.205084369402815,-87.30708597816874
-7.887635712300196,-193.016992342276,188.11195744756606
-76.64174894547818,5.205265710286316,243.5276879636292
-95.64288026222005,-238.98563600821535,34.23031096214594
269.5511939526715,-327.6890029250982,28.99307661206923
27.196096547848278,205.567405584883,-26.565466820066334
-178.21884267110693,156.62000614384905,73.92466768123656
-179.57339257754188,-157.80813183598053,-17.40368407774497
-106.13455831029484,-59.551363552087835,-90.03358084470823
62.94952158144904,-8.960601938896739,115.61763061779956
21.664094625996572,-294.3761306222592,85.28602511030292
-88.04634497611613,-68.24502003862756,68.00746359096429
265.15876930921513,81.83395010127565,-153.66250079019198
-86.9654218314459,-1.0099521785570598,186.73160436478395
-216.06017297864548,62.680762085043426,-111.65191930810181
-209.44946809765025,200.07372324100763,21.674214301804597
96.19441177390586,-79.74070824563826,21.48269624228024
74.72074752607764,2.803196293012382,64.04935950278009
64.10658339539297,61.26114563885447,30.684667798900897
91.93372565317117,44.70643443350707,101.05496609429947
1.6034982735384091,55.04729966035804,183.05445579732023
83.81989642701454,242.71363048186933,118.09234417406319
-26.85226946623999,-237.66580451074861,-112.32820937149486
18.134778868445157,59.491742514319284,-75.00712083223203
-57.13560148330091,-55.99852774626326,167.54374437590687
-134.76921595435502,-13.73154133616716,-13.319363163241013
-131.46713047803075,23.71557450709293,272.94455987826046
-313.9791126618693,3.0273010866250356,-97.31177160284747
90.3663559945551,-2.579698663664067,-44.57423549086197
72.93066434526446,-362.3233136901991,7.04977864342306
-132.52939054524174,-16.822002341648677,30.042414998541847
-34.540869165960494,54.40356407474197,-191.29346449285256
-158.3475840731588,283.93497083897853,127.16829173798847
300.6886001033566,-87.06176283283813,-226.8223869709933
-124.46461081416537,-54.40311995962128,103.4957668272257
-0.4629132882632339,-227.00615989321224,97.11843310377112
48.866835875120984,66.00477632058185,-41.69984710781661
-206.86851895799018,5.610131139630939,-114.2320858749952
-38.533666707973055,-84.04675881611546,-76.86674374595674
-115.01626673137714,-201.88429100827935,-208.94565552968913
-154.3656283465968,137.6207874753073,-182.9933135456495
-133.80950850102005,15.361516179216078,-9.473589271970782
-288.2358585945082,162.84872204932051,120.17529790520675
143.6952632268963,-13.193311077886454,339.49744482094115
236.29557525236226,282.11280369345684,3.1870511803705264
101.449265606976,-72.0279161916902,-159.8031420540038
151.45560071469245,22.323209152636576,64.06654921069133
380.10774797895016,-86.27157242794212,-194.5560759759193
142.67193167036928,230.60103429252663,92.03752994190697
17.210712508423438,-93.78109461958185,-163.91374486167214
123.17403890452015,-169.42709023832586,95.87321704677335
148.41221028610664,41.04464616132334,-53.202984427790476
122.12252086551707,37.507717495889786,-251.66917452523197
9.199678907066287,-145.2134869522177,-172.99771781798094
-53.05456315102865,137.5265350323143,408.9975328626915
277.3107273215949,-17.632812371771337,-273.4424056201909
166.78871088919325,-108.2041085706548,-79.7808929055306
29.23260063007213,114.88041268534194,-108.71960085082212
-161.7311956053785,301.1613545948053,39.19687709683586
72.81466158044375,-76.78722872448921,243.51507993065863
-310.7016018380667,-106.73037003672934,-83.78341454316038
29.58252460335041,6.658629367117739,-92.6348631538952
278.58449983836385,-182.99780998205645,-388.3114102725968
-119.57543360369405,-82.93609419922399,-29.815096641603635
-291.3879560516877,-92.71942652661595,-324.84323909368754
76.54956684741283,-142.87177011871273,-40.101854327004
128.04920883382087,106.16813837302756,-86.10312481644999
-270.5042067635747,-68.19277471026938,-91.68706228573859
-75.81727603293716,-27.445058720354062,71.16324093504049
136.54167925101436,126.92461695542191,49.50641117598587
73.59634730151993,206.85954991325335,27.63114697827813
36.04246573597019,201.49176101581307,-31.35546181430651
-182.64355881687092,-111.36491597053508,-173.11561146913158
53.22294449088486,70.05167166561849,-77.83586610566648
4.4506881230112985,100.81339226879278,25.890908448566208
-27.04255655621932,-67.75586363329091,235.05194206200554
-151.90028637671492,-202.19270838165477,-5.778394954837959
158.65358301886974,-142.01752448344655,-101.48734857683478
26.669923166333717,183.811236746478,-22.716681229516585
116.75831308730756,76.49711534772666,-47.0733031607431
-157.23834189443502,-297.06231122874055,-90.76938160265343
-92.5504900736073,-15.547024154846472,79.41674929995999
-29.846020978422903,-84.84081056834118,278.0044248704019
-36.06691010249197,78.79226054492327,-134.16543878341545
-131.28728905062553,72.67509298744514,100.19079760960854
182.8898949957074,9.14655371350997,103.94701557751422
64.71060607623627,-176.88258503262423,25.717970168536052
-56.223229623488265,-89.31439785462021,-43.92994996230333
96.810808077805,191.51364001876937,-325.71537988848786
-3.6058814260957184,-0.24590882662297495,9.031736791380085
42.58721633329356,-92.62789279508877,-140.9331900291617
-161.32743916399707,-287.96881140582985,22.68770466762582
60.56823713711186,13.967899061131668,-231.66992993660807
176.13188190141423,42.636037711738716,58.92802919958372
245.8945016303551,149.67458890006802,-77.68697995690799
33.00944816151641,138.61474117282177,-55.94464221819145
-59.883869627364355,-328.1834978550947,31.325245485834856
172.28845311788868,216.21841382313906,-180.77599130955636
-15.487562939223567,-189.44999024563785,-294.62381155535377
137.96980974158956,49.06861535644081,-11.237760763589986
68.7713917384077,-239.78028663276848,327.3655107531102
199.24463464632856,384.2459047898735,21.794481728375338
-58.304694089429944,138.52358206224193,-154.86759123230618
25.481061812081993,-46.76948122460127,-90.23812105602286
96.51235361783318,-56.10415278986407,13.688692433158693
179.1526424858946,-347.1477627152303,-247.81347699241812
11.639902132355225,-351.7027704639364,-120.50628456975083
82.29388683766038,-48.85962670788443,168.2148384660195
17.838531361993187,111.44066607903937,165.32227726758697
202.76887269135375,115.53372121983114,-32.83702999149871
169.66680898428365,-32.99975503853921,178.0243296966553
-59.97957709601284,134.25261623877896,159.33736859060187
-53.42891929159416,-295.8833179316371,-241.73061560011817
258.2208364903673,-189.90865551130352,264.69478080423437
84.62773328885294,106.45646539558811,127.36890739396489
-73.46850935204336,164.07846697738867,-14.363751561729327
23.802861659688556,334.43329636825723,38.52516893092372
-23.50432665158031,-67.07327816597981,97.97223979706152
-143.86571055933925,300.87229751157787,-30.472540258308857
102.77310179518452,-8.22192176793075,107.11515399269466
249.6346898375069,47.88562177442126,-126.6759773933133
87.3607495579544,248.91346067213638,220.7394255846126
-299.27100277449483,57.09476691322384,-198.7069125233371
-44.64636589720237,-245.59706874421792,124.06062452997135
78.3335485267157,-127.92551315493822,-10.194013153693229
122.20750796281833,6.407916307066871,88.77934426868484
104.80298017626254,115.2744170063197,199.1819882182742
-21.92794179263748,121.27943746150352,148.8701274209698
-43.55480738916556,-119.32738863222556,83.69766133001141
115.1202529523334,-98.65016957177608,-4.401387022293789
81.97875284091182,45.4070162091383,-88.26907367495053
15.005457348035952,-26.57595690104735,-208.933212142533
-35.51369912131984,-132.9019991706551,191.0982207089354
-21.205145770271585,-152.57416859062886,144.08251831275524
-174.1534670446934,241.90598225768122,293.0607799677371
-283.63062773088757,58.24881861508126,211.48530343419728
33.81591738441286,82.20498331900193,81.29321009855632
238.24162438177746,121.87731694614811,-4.381868146147302
67.35570039588761,6.111584270150604,73.16054469670762
-348.93997435927497,55.747778315576426,13.90106043988679
-2.794575958399163,-17.54570446782199,-91.34268533685258
327.3476740088286,87.07994679596624,-25.104169403739167
-268.99296932389973,61.43198187094621,39.01460059478345
-131.15287280304887,65.34040013075861,102.09275400575822
-12.978943120164502,-42.28178665532035,-129.60361895149018
195.15023407162133,293.8838924296832,-172.55651471031544
136.800542344977,72.64144372627284,-235.3393755540149
-40.38623520388579,-30.69041363679022,162.38096286681596
122.00518846359724,-75.4882196715075,76.68357141363673
-261.4731890930582,-183.50743868493552,128.95092818223821
28.15536450004205,268.75217605928617,-83.92693224125605
27.969497394735534,70.00427702482358,69.29526062303128
129.93758400988003,168.75306302548276,-0.4938906449926108
-79.70659254452707,-103.99646330060943,-34.508590323907725
-74.47958290917495,-61.451458240676516,-2.716433845585732
16.893081129735354,165.0273158448301,46.825965917253534
44.89161643487887,126.44133428129167,66.03969574872207
137.4372530464664,-295.8539757156544,136.94411025920752
125.73375005942808,234.13086463472965,-281.0691878530021
-31.52128464987177,-159.2725838213838,-235.58705022107236
-114.44890270847242,349.91242552237287,-236.0028504160526
-114.26379199587961,-104.52294993804362,-1.0831297612721373
-36.26992086806282,116.72162032195483,-34.7133529721383
81.7368959978743,188.8368372333012,-123.31587680971535
126.53380221236782,-101.58889543250667,-14.377531979324653
19.929815560094568,-7.103513525811084,46.702566739445075
162.00749712018683,76.27454391984327,-9.096909413042443
26.457198753264233,13.467724186170821,-197.53737920628046
-167.76540432007272,134.91708128910804,-93.48051609276997
-84.43683441490023,1.8614980553419676,11.796211716522592
2.79354336949299,-1.2924091711522787,-58.64822075246999
-19.758459502209693,215.36075397466632,-25.616809339093628
182.40881456353003,155.33370646134236,127.8392460602234
-22.975234453938516,13.658937246385758,-20.896338983705235
146.15870641038194,-112.10025920890595,-86.69200089716523
201.11877788664333,-165.25415107349295,-3.8927923027135356
-34.882595326973004,119.71670028026551,133.51797277004954
-35.295269909433344,29.638942867590682,137.85281190317428
22.162196608372756,-221.34229014585426,-140.70748970433328
-4.215410015485908,142.9379499574097,10.557640472645891
35.26717639196382,9.864405943611265,-46.29356476349472
23.144219870494773,-80.80131746358964,84.7626190561473
179.39085029638883,-220.26732379424033,153.80666762301894
-193.3149228087429,-62.50800297363988,217.08784181088234
-3.463533108994996,248.87255792848774,100.21843129600971
33.14530155506227,-100.20921108272148,-184.12898251730732
54.79351101907321,44.128402372918266,-15.331031056702118
-72.77741058668792,-149.58926273654714,158.05546785070723
17.49769447740503,226.7179628997361,12.235670931502032
108.61648914603087,-100.10969301706174,223.62065595870365
-136.79789320930334,124.08911849825604,-95.58270004013335
-94.96543905731153,139.54705647983337,133.3554851188398
-256.8644010930008,-139.8811893308912,178.19071605993304
-234.90538323533255,-105.24212285745193,-131.86286677729262
-180.61750370522287,72.3326089536274,-54.075974133516034
95.44930670125981,60.28722513332752,121.74859789456194
-86.13723455964089,-247.74013966251846,-100.28377669559592
-86.23176409588577,102.4367838945562,110.18428599175972
78.20772690905147,-10.973010671545694,217.2310334430715
152.4911266698468,30.08118923541884,-44.19483912864182
91.7679200819704,-224.28122712640277,294.7240625584243
-6.9551401966262,-55.55790147998316,-97.74453643833974
409.92848496192505,-105.01065235230439,92.40868455074181
-21.62176301250897,-288.11116702257027,-278.12727078039956
57.77021570750898,-72.44377502554573,207.88244625649773
-59.07542652932237,-34.423165022600294,-251.5853721803321
64.19857234306399,149.8421493879988,-40.551009573415264
-37.17312231956741,-189.21149404460365,37.24565421227312
342.1869333790866,-54.5417441505609,-25.34599142192854
111.38623083370388,-180.43809636049417,99.27362012162368
132.42876569684202,-81.01515531532723,-30.42185381585262
276.8655713156826,-117.35173155818775,-100.25511998045589
-19.690622609164762,41.357200943502264,-30.50188904568524
-144.4158621667132,128.84926484582172,-279.66370987261445
-174.92133971566392,78.98858118821185,28.881209654925144
-18.290340530464597,-153.65378160687146,-54.74014377585949
91.02727292632518,-129.41028269280815,-34.38809797988174
95.05843023137705,149.2163081219526,163.38754634065018
-123.99854017675497,-135.29298969562447,-13.677921588789484
-79.19466236162961,151.48845923164487,-133.61135272227844
55.28545158654567,134.1270527019585,3.6579331135327053
90.7973634303457,-41.84454899904014,-122.30094610392806
-42.304401794513005,-66.49403327832313,34.91894435302731
33.680041119688276,-87.6399884707422,115.8550432282398
56.60882971134941,198.1715501329363,181.25605338201504
-183.322968707067,191.83818074563678,-255.80061911015537
-75.11810191709442,39.50439607604298,288.49916537056504
-36.99456897503939,198.251150291335,-32.73980290280941
79.22001921789594,-122.1087528569525,-161.70452285211695
116.39465629818314,72.97673751916383,-0.9501762873465743
-59.69232168054106,-177.5813558812506,193.72809121603584
37.63564086994326,-21.797843064786033,88.78095576119142
-177.68506015400138,229.43124483285231,1.1852015531645135
288.40688326368144,-154.3322923131604,-92.66446373771905
313.17899272237895,36.83777378343744,-258.75378063409863
46.34126208538549,23.45305207691474,-36.07265577499088
-146.52969722516426,-233.24669218818227,-163.99649302590242
18.453587736680813,65.35071124681014,157.3501050283849
-144.7767797309605,-352.2713600135048,49.67731907022786
101.61323841322796,-185.68464181889166,65.5607611169767
159.6966335768795,234.36824180292143,83.83701473300944
339.4205322819317,99.13945332700119,-19.94844142676547
190.74312550746797,52.58558720246175,43.50384165959033
-237.69887624161126,-50.18061330317882,-28.120391311167857
299.21310835145505,86.27351490709346,-111.00662239220416
-194.3275823233446,-59.24835781217347,32.409280645354066
-247.9936944267007,-116.81041563222252,105.4529888261129
141.6798493017795,-32.683654945145115,-172.68841002530297
153.31811842329847,-81.41646712970119,141.55480057228237
15.292240030707235,71.01754533539562,46.145065129808906
222.00800957355392,198.28255014915896,46.85107581861345
-3.570644491193602,44.93723828915753,-261.4008573815554
-159.07463104580236,97.05073748983894,-50.19656124235043
-48.220058890201365,43.56580532886506,-23.899088287176625
199.55823262603616,-8.06794761081218,124.60125831188635
-130.62346904206194,-105.06020055676643,83.35558999305401
201.17947239602884,111.81973692435507,-43.678130098131355
19.84841986330242,-245.74167154632565,135.70558301168134
-11.589490779654087,-285.34833832622445,25.780775047522216
174.3554592617147,-148.8062876673232,-1.332746400126099
146.5501686068241,4.537241107440927,142.02187831123445
-340.19393851028747,102.66464744513391,-64.04963715417455
0.07880154263154375,237.70889013178922,102.62730781442193
101.24111509423187,18.733498365026907,304.5213538182753
194.84431938712703,-86.7854635674305,234.13679456445632
21.65716135069458,55.429276908429664,-127.55507027608697
48.65266095525364,-58.80609057884649,-105.14498342567072
-208.3824239185269,112.98568604232219,-96.90996194024508
-155.33672871232758,-122.60365098689817,267.29680132171114
6.291551526471467,-375.7845773269725,233.89702865451196
149.11856255111005,-142.41738005523715,-108.61661486230284
-237.28034192169454,-155.87470618564745,-10.992510483443
-29.096769194017792,255.79138578792222,-13.741904425889235
44.81297876091424,119.88380198543469,30.997490840566854
125.95922947072104,-180.9997346284796,47.69280601316407
-70.88051360408517,47.21311822890416,-212.32922654157852
77.50021461255884,-163.57897283070488,-206.82083673277276
229.47823672102,-30.818393795050117,266.89232429765985
-36.62639869637585,169.81874607523255,-57.70882253398782
-173.20438551263265,-38.09352790009909,127.66575998257836
436.93656528934,17.00724381029983,-121.42947954728885
-42.61122634607609,76.43831933313163,21.102659622022625
-8.825478212620848,-147.18107428911685,-282.7849565389538
101.0856735898129,-54.014891817521224,147.5754200826703
249.70309019681903,-101.8659202878888,6.6638013171160955
113.0384116160682,-162.52881570850545,-177.67137732830216
-235.03465491016456,104.11421254601248,2.9342342079016115
-193.57338825406276,-26.343498202677342,51.69922259303317
95.40743690644673,21.59388660016237,233.30857748640565
4.508667266864215,-364.9444773453901,-158.92892462375565
61.89286897448751,82.4509229797077,8.304075715647059
110.07907086367351,-115.22277966257113,-98.6151956446173
72.18986844618469,83.53005058023956,-219.75265035103715
-61.145057467353865,-91.1694461562311,201.75515983590586
-44.9660906656847,7.3505467848281905,-126.90032831844132
-117.80380107448079,-112.60238858285103,-91.74470570753584
-41.90173541012094,-134.08246696884453,-129.39059930676416
35.99261827189723,164.79568095194557,249.04716781106154
-81.87831168738387,-120.43539664868801,-74.9650125895648
31.147248941713993,101.35728619616354,133.99215837097762
-179.80122915871615,104.13105463866839,-322.0673219388422
-26.164908471151456,220.79026384747752,102.02346501597361
-111.38746120724593,-96.6730331935946,83.4465966554583
119.23490844864378,-99.53915875171883,361.44173484274285
112.4802358619372,-171.70688149453733,20.550620033388935
72.19150537538917,-80.98414212490785,190.88931834326283
-118.70843721879962,61.26627261554716,429.4195234249684
126.21570658309432,-19.924055863554216,173.15720309712665
25.606251667052753,112.74549776821534,49.601851181823285
77.69725355645132,-93.37806121432847,-307.0115366153955
102.05544246891354,-153.5879756874332,283.20203359728094
-375.22524958788404,62.33777076628061,35.117126059284054
-19.525046854243662,241.72059482017633,446.48410712067505
38.408898673572835,1.5330904127581473,-163.64228974784663
49.29157168552284,87.20852367832835,130.54025469697308
68.67218797812187,-22.50319996205114,58.90614167856814
119.5972174486856,-51.816790173924105,-119.015028710602
-104.62583277927205,75.53178151399997,113.19982015883377
-181.3841964334804,-275.080089634446,98.74775607783619
102.09899552532637,-99.51925503062046,214.4489776644261
-10.039873500222841,48.48784857612284,-50.32048157849609
-72.5340436271566,73.22837298755663,-319.95329742505805
250.82279437850886,106.48597272738824,-54.645687259828094
35.64470992497859,-320.2786680474071,-86.67196968851731
-258.970730162361,176.31987041183694,8.425144183970923
-238.27782918337252,-29.1010462033157,-4.9048819993292545
-5.9915759387625585,-131.8747427544707,-17.336251213533885
204.61261809351484,-110.77649545855736,142.0983805827801
251.56692117056403,0.4986367498515681,-237.3625999109472
-155.41811736846944,186.07999420418747,144.64300296348458
-122.5610210230992,-150.56459788660206,85.65198108919589
314.276262495143,-199.86961366867362,6.340654015043197
23.027436832315164,-64.52402494413123,61.02009841470131
-143.5407970909008,85.53951243604108,149.71136925082047
-167.90121515705175,318.86197994515913,51.03104463538694
64.33972025023887,-257.81840888275366,70.03625136320927
-132.01585691047586,-184.47941398840356,-158.88614727822028
158.7662552012121,15.198931540036531,69.2729084487209
-64.24058523952219,106.04299179207182,108.5440499777325
-206.34213473987262,58.150806778748496,60.87781746250745
-203.54932172630672,21.235398739296837,190.93702379484515
-4.226748676501517,-17.07676121383005,135.32639700784543
-8.984254252612056,-257.03978924481737,318.96372214874896
-81.84259895748002,-124.78423124323449,317.1820740935789
91.26149935382016,-5.939688936965901,-104.54747224687905
-131.1438204374499,-232.93074877526783,-329.70649651746396
-176.41415730093084,124.96682726106435,107.93740606823845
-14.285225883112751,-47.22106701160997,91.50811629062025
-48.91822042319423,-18.838820933845007,-134.34143762624583
-139.36927419816797,81.23604767613996,-53.07190677913287
-231.53531270896306,-1.5473871879358778,-82.7928982049322
106.87551740877512,-6.545145893476814,6.578757911400585
15.177924566072521,162.93676150393418,-103.06065895735632
51.7969275234319,103.83165368195147,5.160706351756322
-161.50929987621302,-124.67544649623449,148.9372008762282
-34.62332029618139,136.29968144396776,26.041694082963154
41.718889385088794,-55.86672520024857,20.25838600319931
-105.76597162767045,38.95121304017704,160.08528478935614
-121.35192722341556,124.4302071450644,183.29887171259176
-106.28238173796662,-129.87163936185516,-178.43257095389404
-16.57976314971177,40.60457979869179,-31.43647615510183
-142.63512878738786,170.4732984770736,-26.817689925147956
-18.322482769252286,-162.6254798346043,69.4959077290765
-11.175494926307634,-189.07631476735247,-159.26326631341146
-92.60560161570272,-188.78227615402415,32.866997361361506
-55.67495682321991,-351.5714953270499,314.04797462170086
-52.20150438162639,-111.1346950270174,-21.831837521595215
233.56320421927282,-63.15201291645766,212.7896700280404
-53.64070003772521,164.87041479160516,177.5611553421086
-3.1471027302644496,95.14886635253734,94.58709348603915
17.318703051283528,-127.50519957164919,68.50454065614626
120.9946775340817,55.37178963826636,-135.5685788879253
-4.469112548952765,-72.39059219175708,67.968722531761
7.497467728312806,98.27520171541889,7.840275921197127
-160.76233983039236,-4.719233468354266,-168.77614760018574
188.04012183382073,-33.536301989457485,-7.094996646507039
-144.71584942754433,-63.20420388298179,-111.6550343554262
20.75015463672273,22.872384969407744,115.6250369642432
143.43237123872063,26.886339257115516,-46.47705683335239
-187.33785339839073,26.72379178525865,167.0604463987141
-15.398930647374927,165.80948975128817,53.068666304320665
-90.85031478971206,35.54610602463094,26.276671250937635
301.6758781262588,30.663096563352365,-11.845747102830758
151.3120789036829,-200.57284835345854,61.018585546343076
-62.85296666802177,-159.35037598973148,-71.0333110692096
-16.237507679255707,111.64548550592735,-68.41313411382666
0.4521778726744359,-123.43583019008267,-163.1525084512003
-230.49257803925096,-339.3345887683233,55.13424266024471
-3.3415249426764424,-29.046711275251088,-81.22384162655
105.96757307797176,97.27806171566178,108.98230610028523
-81.43512413248135,154.39592790227755,311.71529072803276
-36.2534416677543,-120.47954038066278,77.6745880014221
-9.686834116279435,32.71361791059988,215.60168710732512
-75.54626587943464,81.5140062663438,13.527933504505334
-130.73677941746917,-47.870459683904684,106.96613205104535
-32.11150509815607,-100.82527231451955,-42.04878113589217
12.573671325790558,92.88354809110842,-16.348050272469013
-2.96923912885941,-10.233839847837753,45.81458789658991
71.27109478804633,56.43376948807144,22.192825380260402
91.56554241325955,94.81643291653921,42.092794406595424
24.433987303055947,-75.1628158101647,-61.73452501025834
112.19848288773541,-250.7551801903837,248.25569804790578
114.76467532431836,-258.413357307002,-267.97741247960073
-245.50036068196567,-101.01637126585712,150.18679853234298
230.12656052108983,-51.248554562592126,69.6100846232703
70.10245908520785,-122.38107718163633,3.0325632626916454
118.72676733045498,78.5206928276769,-94.6193770483724
-114.53112556998106,-69.88702144987275,97.18908598593175
-245.35301528062755,82.29306220430696,264.27402117319224
144.4534700175667,-191.34000792661888,-28.58150306399835
114.82454210596448,53.786838732007986,65.16118516170287
-122.18628832238836,17.780594689760232,127.24221875043425
-118.28344482860048,43.22514799777167,-110.31176342559594
-195.54366883533086,-210.5748022383687,26.03884720308312
-91.4172069394519,61.75017744955731,80.65677480089367
-2.7081979386579857,242.91010432244107,-224.56421977612615
2.447104217523753,74.51734416067737,-87.04676485905142
276.71095344927517,-22.886880091448376,-113.27231179097403
-198.0958821765233,-64.04051923590212,-1.1719835318938816
-55.36880457349885,81.86882974610823,-27.382495155638583
-41.81875263546991,70.4714542637027,-130.75029863155032
44.00954503055463,170.33035934407334,11.377141554794523
11.553417410090795,-249.61278016774077,121.95109287553267
-12.871723323038374,4.194787851214025,96.09680259477578
30.024338233857655,-252.85059780024244,-5.518672740239201
92.20516671934178,-91.35250923216626,-77.59821529796419
-331.0435118654382,6.598382548058038,68.42385023423178
-150.19864201206136,109.87276468635746,-0.11706009680223298
-71.99680795303962,36.73843139659257,-14.15703972334066
145.7118635639444,111.34862712746776,-210.3633049483059
-95.02591043284335,253.04374922902338,-168.79132237455022
-3.9688142997455698,-144.0943799372379,-303.28594169726324
134.59544685464016,-82.21868072008562,76.8526996708572
-60.85076881265615,-45.866725901337865,-146.47959717752968
-24.869883918331734,-94.0322595313753,-102.76602099481576
46.4197328532966,-240.48740066902917,-55.245715032755335
-62.51829315130796,-156.19446830873318,-110.25885763449867
-156.4040587732708,-18.66887383456615,-224.90691087174116
-135.19126415705725,69.69719086964831,-149.95508770940262
-390.97876758685317,-9.467754302000001,-122.8561123311225
35.212386882370076,-141.34146753063575,-42.51342711075986
-261.76454935843105,-50.64060575485852,23.944397720274605
-37.01399421166561,195.6308408762626,-117.2234701637162
-56.857686707299884,118.21422090586678,-293.2132301671622
258.2221962810981,30.485333514888286,24.022682756327516
68.24547118375145,300.98655393283764,140.65891752294692
34.79720363580839,231.9545807574797,104.07268496617375
-102.185904018105,-353.4755256308083,-258.5432736018828
286.35585920087715,-123.65486381276843,-165.8943521258596
233.38847358183472,-62.89634665263648,-21.37860137329069
179.6252198503619,10.080341112590277,-39.0200299586038
37.75626049531336,-27.79306316528697,-350.21282767692907
3.647360285896517,-277.13825722237107,-296.91863428342236
4.0744206277716035,147.6401232627724,113.97707815027597
16.275627584116553,-206.06821452137726,106.01839469153542
139.3654639006154,78.07729915333816,145.27723450776554
87.81828440799339,-181.78123524241036,0.8744543472749353
-46.56148466310216,339.0295101822235,-54.08144208283129
39.141180051707295,32.880433126870045,-42.9964223562002
-156.5439415475607,42.80196583633881,49.091358685869494
105.08216710717352,-103.98913709156696,99.17355718731712
190.22267444109687,127.89990701146148,-11.434227649836942
-198.86063114933012,-79.4838981104289,91.94113430081255
-81.46655391821605,63.961244051221556,-137.3572028672708
34.365805646967075,126.64102034589851,-165.7165822699271
-108.44709038956337,36.51991997271836,-43.644979957418414
127.3358727773189,30.27412052810003,55.423213474312966
64.88972720763975,66.69364646292404,44.44101436217577
19.059951091921885,-169.3446364906168,10.17230634905677
-45.285379889762574,220.12481890589763,-51.46270223923576
102.07041713857727,186.0319047323453,-41.84304818088493
-57.97931969344551,96.39129118106224,60.872775401460196
-200.18260020891356,224.32974735047762,-55.925375134252825
91.85598986870959,-226.76590647257044,-58.32426002379593
-5.564164876032844,49.97835527482467,79.97033643532245
-18.320868395721114,-203.53287403329085,-144.1278384835362
53.13771575537588,-35.75865445737106,83.91841427827855
159.96945026101994,80.1823204698936,-38.17082047665556
-79.12952706846582,-65.07354520692469,41.65092997508155
-32.56358980276538,93.88057180486415,88.54232173902416
132.59561013268572,32.96864830628109,88.04889536854937
-90.55335110857598,173.39642381532337,-138.6633211703409
-32.0442696959311,-155.96997892195648,82.46504757097541
187.98882277268905,155.43978419087762,243.2271255638168
149.41300748394076,47.33948290047953,-70.88140689900771
-16.510059904194428,171.22929743766474,-99.82596580599932
71.97847066000064,-158.3569788977922,-140.03006864707004
-44.58684860655098,-115.75277574633994,186.41357519849822
-152.4180754252125,-33.675919184816465,110.21763077562049
-196.9636215817819,-96.99629468930277,-253.91614857795295
-75.21415670443696,-27.346211782378646,26.67686180351226
212.63533636926735,-232.96419643115308,-241.4513964377425
150.2615126227867,9.681395449924892,-59.59662192964799
-223.42843171729393,-113.53197246460176,171.17372519838727
156.8685067966043,62.36980968262318,-42.46889326839449
-130.52315301780507,-50.4076634204225,127.24401341264857
-89.91668096276987,-184.41207796863517,-104.52154927942965
224.14167579421544,-139.0133515383826,63.88055758856453
-167.91447636083012,12.058571879843928,-126.1470623775668
108.38679789371507,-91.36170281065357,31.285237838115606
112.0567153723938,-97.25039149232111,-42.40273510454846
140.01178771177175,-43.29159147031107,66.31029239606153
-248.30466065085022,-97.16782367405281,-35.89921066251784
17.276301314326215,-154.5768177708469,70.68930582220858
130.04867436035207,-19.2459028733495,86.30581445960999
-160.02020273636788,-119.63695362218132,-107.67383667589081
317.10046642278706,-136.32595484345495,-46.72414583725542
78.34748113688592,16.07230837946486,310.3042572529739
-123.54719566392815,47.34925393036075,231.56047106184664
184.23334949850639,74.89154117854152,-68.11389044215329
-88.92753810801197,-127.19347382523284,148.7690924107751
52.18109024352928,179.60875700377812,-167.68709976425134
-95.05461520189586,-56.32580846814899,284.2150521999091
-71.86610274134709,-100.02271837112032,120.370688196184
344.04837023103056,-128.4925644231044,-89.6513367434212
-33.4408734681556,119.12497845603046,-87.82396532550403
76.57771834663593,-28.841217324302395,-52.07762231398143
62.48000293684895,43.56821675118969,-90.06655877503167
4.930472129392023,143.5670367463226,-1.4909689268343187
-13.409507112826374,-150.98343524010986,-88.69336033297148
86.01228800355162,-69.05865961360534,-121.35507137896857
-77.86017008019715,-261.0646024146083,-150.97309191791783
-13.156144204176032,-88.19063009701706,254.55919234010858
58.348552983118616,-188.80699821545073,-113.34945403610361
-224.5951809804983,271.86395436029693,-341.5940649119639
-224.21798157223301,29.524608240799914,-74.82949539541387
44.09324422629589,24.9751296066081,273.11759693191044
189.79324950209948,121.38634131294744,-23.03421349207969
-225.6886187055848,-58.09752568070818,159.1224853346835
-157.2058704552318,-65.26703130658231,82.54445668485326
132.36862247981907,-59.825390282620916,-99.95145934727206
123.9008880384937,-111.8761927381885,-47.99703344707965
-271.23727031635315,-211.8172212731903,212.55752704891714
192.74273685470982,82.03071562584597,179.62172076523342
220.9985867208871,-424.3338316042267,2.82354755009276
-33.31134198637647,368.28334721121803,194.17964231427817
-108.68056079972558,-7.593307951055607,71.51483471066595
-182.09447277802042,166.7446014655563,144.63131434530905
-220.9714465221429,-376.4172991410366,-94.79520008547057
136.12437298265127,140.26532119947646,-100.70118703312882
-61.581560723282394,-196.3365837146032,186.36057318382396
232.87998648522412,55.356455746326645,-57.67540384965273
-72.96854048518371,274.8165834325715,-51.910351015945544
-291.3778633861386,-182.04821298073256,-69.24880391122899
-270.2724268427497,146.2573831204547,-18.860949986121078
79.69264878461897,115.26061546359809,-228.11280528985094
48.63484785765494,71.72475497815333,-21.512963591747333
-54.76689957158465,217.70527952410316,-77.92040709858135
11.426312397464109,322.8698825019719,-59.28808932300514
-66.15735125019835,-208.33587610677986,-33.379524913361614
-219.51781218961577,-81.45541669556118,-296.2526036206555
46.59565929843609,293.88387013745717,42.918501478120874
18.29494327058673,-72.78504865343542,167.54951217989083
154.8415534988078,-49.55339899750747,351.6681116575076
-133.02974528775374,-128.09747846843146,97.8707174281634
18.02236941762386,-86.08245851128281,-155.45669726607946
120.25207979329775,47.2620943072138,316.97870058503037
117.75638881244048,-202.83933320088067,-125.52322083247354
-14.74520686059631,-190.82983044240112,-84.99194481111896
74.60402509152237,-86.5761650201435,-100.6894276766523
-246.06873337417625,74.89595584936463,202.61889055857347
89.51412832541084,-119.86927085313317,-508.7331809726276
39.17663519955347,108.16292741850883,-8.10730547380001
89.14030606089237,-24.18316752524106,167.0184815456416
-234.4970786014569,160.097632129192,145.67582864293283
56.202424682808484,-240.14811924217233,39.383815350931854
10.660871972833037,38.20162922128491,-202.34446189354384
126.69083484034304,-62.3134183314031,23.57211738063044
-51.6144946493567,140.23989980809927,-1.6161444190817518
76.23183024997748,-344.9948184646279,-97.775333571381
-154.4764163302912,51.76421624127242,176.68441415115265
70.9521458964045,76.48926398270669,43.020081497780154
52.990734257781426,231.76720185588817,-218.5629834799703
19.180679727521557,-64.36085236628989,198.65611309316373
-74.59561794755602,-168.69595038275202,-34.523551645645135
270.1880489169068,248.44237569205882,-89.7375975149869
-51.11077211785507,-84.8020497364452,12.612652495126655
-65.58543536385585,109.48985652936351,-143.28205242142766
37.411723013898374,-76.80184920958514,-244.59692985452426
-13.087389684672415,-96.85768545116184,-147.47861505020649
-106.30587108890603,107.57241541539426,-173.3254585715412
-142.06157604292144,-485.1073510728714,108.05860135005675
-231.37728455476665,23.370736568930162,-94.39997699003109
-100.27644209408258,-482.3973501177987,159.31340473626318
-28.15434269126798,137.28449064279155,77.97303953228663
107.55072336149011,19.683167712566288,-128.73378310202293
-151.6905508108894,327.5915726822506,146.40105495717754
105.21409713269279,151.58653962435324,2.339411246105822
161.6480929188198,-129.04618305033554,-34.17215461262538
-114.18522167342984,13.509842251324946,350.4859154945564
16.07482538132096,-187.52843419235813,-80.45573780251607
-80.59876735633293,82.72256520209194,121.04920614000356
-98.43452777289433,30.379299851581948,10.222666611778472
44.59028407170126,116.55750367922664,-63.72495943854258
200.1872694439624,-72.56878238985121,86.25547295311091
345.93914592432986,-32.86902967397917,49.37314569972602
276.6429941901462,9.227409130306722,-100.72395653314118
-27.562657077489426,19.09036349936439,62.0397111563637
65.13630566583385,65.78241394770936,-51.979520771992306
-104.71566627389743,264.61880608505516,2.9631616902357267
41.86655124046921,-71.27892651585896,22.049366349075797
232.62041620207168,254.42568285365934,70.64119308924364
-92.95220173896985,177.68877969912336,40.1232159992193
321.41323692806685,38.80998667418627,-285.09244259873054
-113.52675671069441,198.3986821912768,-94.59742484655392
-146.13492468576806,114.32643149823238,29.268152345215107
-166.14052589468824,-284.90660202428654,286.7565658094487
-159.9285428683724,-117.21337368595955,164.4020120189922
44.60112150673756,-208.9190941626467,13.23201092755116
0.2567562589875093,472.33606066679124,237.2305463585151
99.51411851343761,128.19333302837777,-141.6996439563695
190.24972216702088,187.16684380757079,268.9809984952169
-187.55203219673768,-22.40092644370216,165.34617953858893
-178.34991762642323,28.017921525334273,27.450359879729252
179.97585872162057,163.0820783486839,-163.98968582920435
-113.65368612084279,-107.07957824166172,5.866517688310854
-130.17861907509237,-65.28946425467474,89.11004804038991
68.99347086497728,-149.77236298266317,215.58975569096114
109.80247890572431,-66.81657292334599,219.73448031173305
138.5242345506243,59.06941877251742,175.2693942322337
-38.447620050935384,55.48242857525988,101.56798534377482
122.11238175590029,191.84880791081278,-75.30623668715472
-126.82457282769013,-255.03365353105778,97.86939041556825
117.87877673353192,-23.435670703092203,116.49032586586341
116.82850004297096,-20.80865183992591,-216.23524509230037
267.85952883241384,-241.7896180014602,-39.336673745384694
-133.6577655943636,-234.81921530252012,291.19340234139344
-37.48239390992574,280.38346582411197,272.20413001019267
-17.18236973806906,33.511453864581114,81.22805295194404
-130.85086656737894,87.1192242039404,-65.49288825726131
-143.13893270672466,26.66030649945774,-439.57241859336364
178.51116798759625,58.83573978735544,-9.242166912841908
-118.72408006434841,283.5824829143799,-14.204426811725567
215.85250922672867,15.537001042241226,65.6305708039293
165.2878003381589,134.09088053446806,-21.231665000367457
-98.60276105128273,128.1078746541819,-7.203022849396886
26.72919802495258,-183.37881526333285,-145.05640423776262
141.76190022012054,43.741600610210504,-56.52475979065612
44.59058263783878,26.517571749544242,171.94053244749716
135.84294598411853,-164.23815218961138,5.183585772692753
275.8198894555297,143.19133741902553,150.240297636915
247.47881461761014,-4.746513696063337,102.99773236550591
-60.49529195026131,54.517103522019845,121.6142575109215
117.03879981228201,299.02131084262567,96.71145864312112
-38.54896837161837,-193.01179330747806,-40.732901539774176
216.82319694966472,-158.05442474523727,83.8237908767541
-328.393064517019,117.44466180418762,-166.64054416984126
-35.1690156963055,-45.62976624370941,-10.000152577936083
-299.73458056714884,-72.85394325622711,18.06649827602641
28.247437092434943,74.15412337774427,18.683104452049516
-147.6021596365007,75.5953463018479,3.9286332663242827
-64.0914585766644,-118.42465708112093,303.06173303317865
197.5279650011594,99.78197817182317,190.35651802189895
-86.82493580231697,-71.6226571862802,-186.07831372744823
-18.324887779118423,-190.98673714204872,251.3377528995514
-43.02777719200788,169.19108073246633,-208.41462886036322
-60.88841790556751,-154.4519832184499,-399.1921084843327
265.1805599693978,-69.57010833501415,-266.04879704313265
-1.4661435042253455,8.388438035681867,92.283333562742
322.00970894672884,130.23859523485396,181.65156477558497
-193.7416981540727,292.51666733955864,-174.59735169104812
-100.22554375377602,187.73403661626702,-154.40936772996525
313.3308431950849,85.14955202923431,48.75591059907962
117.93430813382419,-24.458210234166724,101.84876144543709
-243.83771114030637,104.88663463211356,49.00862042222063
-0.9096550928990693,35.229953039700106,12.258163757049445
97.21967190783997,-16.315502485049507,8.759183480565165
-39.71285527134499,-11.318093108616676,46.6109782558062
-84.89752804473558,-199.63663662235305,143.21245647249313
84.64699313560166,-108.4054207267258,124.54290946962944
66.52723037066328,1.4733641537923714,-36.45253684552913
-134.21214061517503,-96.90522856666995,-5.586276555137901
95.78082088656195,-128.72854123817524,181.64240492954835
97.4867192739291,347.3502814950893,-41.9559824083337
2.40506513532453,104.6531785506988,-258.89035398432276
-102.75258848969267,64.78526997373412,-145.36508583404867
-133.06935536323107,11.22496165665082,-280.7318907335541
-0.7315711882109504,-74.82941845773838,212.14852052864182
70.29725865161768,-37.96844373521979,-49.146202331606894
41.94552903367898,-15.226130213148473,77.03989835766448
102.89720369581842,-41.18007204884399,24.25104417984865
-144.98009337941212,36.166599494233076,-376.0251450418086
-149.66473480036487,-16.298033325273913,26.111521448052184
55.59417085767554,-78.2707215250455,-161.56357882717757
70.08469566989386,-113.51402854194369,302.5018050712569
-28.070992965498643,9.211339551644958,-27.306271431647204
266.26834482772944,173.46318284480847,15.877997658703103
91.55778691118626,210.93369679785232,242.1144580017504
2.2233009192206112,-188.03926172380343,111.55044747332808
-241.47464892699784,36.589337265151464,256.8533221132632
55.15577346247199,122.40956390982785,-274.7587223374252
-34.1952588441951,266.60457356236907,35.715025199115956
-139.9221478379513,1.8807449128058433,60.83136841744855
50.52400448323859,-10.423677328233081,-99.5175161229129
12.071398168980942,-108.1436570818318,25.862627788551773
-93.21190572920631,-37.38335156281954,-63.757571086953675
23.554187277261274,32.40307172026909,3.196986402480506
-105.88653893949491,-122.30780266381562,-28.827242964997282
-72.02862449945833,-382.09464417815,-185.02047387300277
51.80859385391637,-108.6113107986908,48.579412758080004
-15.974324756101206,79.26906126682053,-152.76409087430292
-79.25853100307332,-65.56413692426239,362.782522891063
297.3930588782638,-87.13266229786302,56.90986050223396
-161.3766757607032,76.36264203985388,95.45253000424086
-190.95287551674454,-44.44223466914428,-265.0931058888125
89.90481129304212,16.0600754103012,218.1151160224465
-36.819307046842866,29.795611619828613,-167.23566988936753
200.01369516597723,-137.52734276566014,138.25017966569652
17.189714445418687,-42.54200985219679,-114.70110306147255
-64.8138667370489,-122.99021955511944,32.05413240364373
-1.4107322179998505,-183.98678169739156,123.4387440918124
23.25831355351904,106.79370531105285,-125.29844835947148
111.75289406843743,-19.631578308864867,-204.9518815895589
-20.251970801402496,99.14250855598557,-74.74502934628207
132.65928050520705,148.32954692935286,-178.2573779295041
-34.44235063630766,13.593521821351688,108.28712666931875
40.960544066262266,84.99020764203989,6.997375865610589
-64.63727722595961,295.61699398847315,243.90426109859115
9.118587726726801,-160.98121606641902,8.260253744129324
164.88194832928355,222.83570566100045,-17.88354514369591
233.2248667769911,95.0314960751578,18.428806207165913
299.7081251797715,136.93153234318214,33.53729442020028
-79.89406936961797,-15.076091126513507,184.98739226523278
101.16675950639974,283.13116774720896,-79.2856746794735
-216.66191905401885,-23.82836942708006,32.65161763473041
-39.162888708298674,143.74665660434968,330.2523348193644
-38.9582260593819,-45.11988732554521,46.94962032749195
-137.69283319708518,-33.66578704756998,250.9970698920782
-83.73884721581221,258.86168132470806,-83.74449674742586
408.2993623343568,23.297237012226223,-406.4949907784549
-60.7614342728477,-219.72632059745385,-161.50277587580206
39.29099963825736,28.939860606728587,-233.33221923625433
145.54802518301742,-214.94558063828757,178.596616261365
148.99331527717973,146.41030304561434,128.99520947030754
116.06015354684563,-63.95548657163473,-106.76786323062251
227.4740929796277,-111.43209130289503,-96.17233667844908
61.73338732803064,146.7902984975297,-25.30899774218649
47.31313934917984,-87.5117228339367,35.168060834368326
49.17997303010054,4.0591234074663625,-205.25689957009516
-58.40353402867047,-26.404185966119808,107.92994698977024
62.92085017569421,346.5435329470239,77.23987165630842
72.80098350914736,43.55720373623574,-425.45197634212576
-13.230066081016442,-47.908299609258776,-125.61094155827436
57.85244151668387,6.088267268851066,-126.36175213832101
-95.39699160881538,130.98864139117663,-198.9170639809772
21.443439978768566,65.17811779832444,-7.764421945198654
77.64338906816184,-4.363553857218469,-19.600603969162794
18.958461124515566,-26.927038502654764,-11.753330242888998
-79.49915357118478,-108.15577964582225,77.66263727859884
56.84991843943114,357.5335811810405,59.483370035170864
-37.16061891617977,-37.23377221359435,105.62848837607687
-78.96676081541419,182.86593846200714,80.68236396278392
218.93889394369964,94.90712875823827,6.800673772095549
347.45708729364907,-37.222776959941065,-79.28875294060444
-303.7381902312867,-60.960863265440494,-44.377277631045615
81.01582511125054,-44.84083391683581,-19.350481906887104
-179.39499103941375,111.66450438904488,-224.94315663354973
-125.98691951957022,109.19657207807568,-126.41878654237797
143.9734046061289,28.827866846003054,-107.4678582180586
-62.91418619279603,287.2852618584078,73.1210737518546
-158.6077809179963,54.82949613074683,-74.63003943239512
22.611426737121636,-23.090994271336182,8.973489117006343
-124.73618442827332,-156.1716176336106,109.74714118651372
-193.60765049185832,71.61643352555866,-12.015068070704555
50.15649061361232,-164.095923529099,122.11427091082639
-95.76864225187556,-46.22447043768658,-219.75405696143167
155.5538689942267,127.30476968524168,-130.6509656166228
23.8206051927797,327.389569226056,40.20712063646139
-75.91312560839971,69.87685142870404,48.775176569814676
105.40969109425397,43.39722422821432,174.59286898179096
-41.94411184084078,131.14936826852988,-49.18919404118057
-154.17846586663728,104.0203182154037,-45.090354480634176
-92.39868711546623,-139.36231562730336,181.35706680060622
-146.68809760835455,-2.499773976494589,29.621564059477844
152.81312570309603,-3.69526876085379,-362.12691506790077
77.853606897893,-2.683439881477815,283.68110585697224
-135.57506212168286,-110.6675720355183,-206.48944807088043
61.79075171213024,-128.44770577808248,-141.0525242609117
-6.9915202671564405,45.15513342296761,224.2938545775865
-102.49707984498455,0.7928387572186564,-136.2864394410057
-136.2663791440182,-252.07239437819294,11.040991097218726
69.14304793291302,200.30463714894603,103.87654555710006
12.26048052379532,-135.04269501996106,43.359918226237134
103.6613047543338,-120.28992850560846,30.073775887631978
40.4417645670591,-86.6074944549624,28.27546728154447
177.14910672374762,163.91713845326154,28.898019940104817
8.104735107612841,-94.55476549066427,-138.97423257903642
19.896110841737382,168.13847595590198,-219.6518194475555
90.39868478133687,125.64507581466333,210.3149554439187
7.294200134878831,114.42815943781845,190.12779436886902
-18.665476006598887,-268.15207375713936,-113.14989106917973
100.75381472962016,60.11683126899622,-28.50188302425767
-24.789159457884175,2.6447230263621266,57.48849689779511
0.20767556602823434,-165.47500937889527,178.36581344524555
-63.67765900904228,-98.42035116773684,-2.1712896644674515
-102.31668508354737,-298.3267319564534,-14.793153301099096
38.94348296995676,20.432837213667703,-19.572307329413473
212.87356664358757,-28.96559334293991,-26.913527239583942
211.58853941047718,-85.70800028265415,-37.39544992969686
-298.4762659932805,112.67488701190581,-245.5858027418708
-49.90598030046146,-310.0629554658507,-77.4150986370336
25.022515959640835,139.32625184254462,186.35139244408063
45.75389562790249,-71.36182640667133,-7.478327168507235
-43.25175970240124,81.23275923548535,-85.91746199515971
100.54913292339677,203.95879113847712,152.84826113669348
135.39724456840963,129.88233900609777,223.75408461781467
113.93976046168568,217.29191575513101,-65.13976482946505
-77.51399556354188,-145.06695215966,-184.6135567298426
-239.04247118088009,-252.97003203694342,-0.26074959789618574
84.2887391757133,-208.49729831734209,-26.17798643428677
-19.48378117267742,-273.6305612904458,-37.8970640250996
115.02732275515694,-19.65899403952558,-77.72659038491058
190.82150110655505,-36.54092124591917,301.1642944523931
-13.106487350424155,19.89593558537891,148.84962514528505
136.9289367107482,8.858380937528517,-77.37163161335906
51.17607774660076,-60.13098627006608,-23.92549360459086
90.05411099707634,-96.10499013229575,15.94743624241828
203.59062343779127,-29.91511022708643,2.644961617238625
248.42980504811183,-76.58214934505807,-41.53702576168933
-83.53390541481394,136.19838351984822,130.48216931309292
-229.10396396175838,-19.93668154968079,-151.28378566714346
-194.0609090241427,21.46062159615452,-18.284192109284998
-282.8473710128632,51.16345233988154,49.89253136058921
-236.1324899920126,125.71912447663367,60.73858038144537
-38.872081748391956,170.30677769571344,-104.72073612085755
190.63223318676862,-8.697208497752733,-38.296024394431235
-227.72444464321617,173.7207623103558,-256.2353792021924
-165.37798191711104,-95.03925915926652,231.41844836588072
155.93820581597998,184.54214145215266,84.4084186583851
54.58145600527494,129.60685638923124,-0.3776109002090271
-33.669631381169225,-70.75799868034122,-157.1068010700021
137.31058130043965,-134.63131055874248,-248.6684194419477
-120.61809519175902,-141.084294381751,110.73775299403653
-44.47720316782184,-103.76119248927499,81.79492499553596
-69.95619543979947,191.2597799418187,-67.17260637724517
-445.6520326173002,17.81148607690885,41.01914178414494
-19.092218267483503,98.44957710678402,-98.9671002781884
-226.23568626808313,-26.097211512432633,34.150443558144325
-278.977005702258,-15.344615583183797,-60.25822022776912
11.245107162997876,145.4860596118684,-214.508788897837
-235.27292162714406,26.09003718844355,-105.97934217271013
121.8767996780969,-88.92884591795429,-16.600617182310245
112.28131625270575,116.40620230498358,13.863026199439327
362.72371152340486,-121.55081682688692,125.27998761363334
-335.5762715756365,87.27981951037117,-103.1911064865433
111.90622065500922,246.25799662747258,115.04791528545826
2.7788505334328786,38.13230861982604,-124.477991697159
32.40462931446113,129.37020225409094,-114.43218658305271
211.96937853839856,116.7911254002501,-352.0047249030698
197.17621765584622,295.5898580673536,-92.50631159907195
138.3692426987087,18.275153793030558,318.69930002500416
69.01562841321267,70.72302975849128,52.816955124959954
6.8710755300226385,-28.3321053952883,180.47899161201218
-312.0802960969567,331.3420082177561,-43.97468868372837
197.79930298381646,-195.17135446045143,-32.81856353267754
83.02566961204934,26.68532137687993,-135.07433938109003
-185.06951958574976,25.696371361289344,-108.46906252080842
-33.704924049034595,-139.99527399616238,6.429289502006542
35.809717892762635,-21.133514835549594,211.38443010901625
394.02544815024805,4.030610281395725,172.26513482529572
259.11956332011465,36.463760951113144,-288.8301488335793
-156.5121639507976,197.95907910352432,-85.91640552239022
-256.12517996078617,-75.65467110266279,-109.5620198625631
14.164649014777778,-51.04146936551272,10.121240798614405
17.015842984848636,-303.63112593075175,111.49528608506643
-177.24185385600776,42.5784373980356,-20.04875815433004
83.140765577975,-125.10752576511943,26.08386898814729
139.5103314230663,256.3618969674964,-33.70522224976359
121.65954264891127,-180.84972909230058,123.15784706361886
304.1037580100114,-106.59077862200274,77.3354582455317
135.21239625968107,82.48032318911831,-26.9404012761329
-101.82766638124062,-132.23142815885177,56.64322740438285
292.2511879846445,-91.56897860915211,127.5929301026011
-76.22347268285726,307.6192968663458,232.1344652846439
184.48713456071593,-243.98890986319407,-278.5027424174991
-121.38949267170233,16.87680795709406,328.66151064323435
161.72671114323313,159.4777140542393,-461.2694605537423
-24.811400821938246,112.65494865599413,102.3740750700483
51.84231370191633,20.231034137784743,-74.92943529951387
-93.00849696633425,-108.63740912707354,-242.00806697929474
192.868182417045,5.305712446964846,-86.41159960003783
-90.20348565947943,96.54555906562302,-112.9463806077744
55.87059831747275,-56.915621518857805,42.17159339988198
91.73999598766018,-106.67535104199808,-10.669246979088637
292.17026576075966,-116.72165398488869,-36.95181795038881
-32.25676480837377,193.52996855191157,-95.83151166328449
260.58319976367926,-204.84763539559984,-194.4470989484326
209.58152836046486,-59.27184999489754,148.19062551941724
111.78701039185404,-1.528390073652285,24.840949587266707
-46.29994920001755,-201.78032440732977,-59.10585189941592
11.495841180233018,-173.64865514846,215.76271560138417
-56.34519872303775,-132.97193050804373,107.293499883858
77.4688506195656,-287.10933429961256,-87.51750707525018
82.33348355292581,-74.62014165842224,8.948094773654152
159.66072180323076,82.61129085146469,-59.57491780717534
0.5849372731959772,29.61510351582944,-81.5062815645206
113.23665387475214,-169.18533048369108,-205.4992181758566
-414.09204563299124,63.88731303683543,-63.42685175522505
-112.16044962125473,-102.2445143891193,-149.94178603941566
-90.12446202678368,100.40620713852225,-256.7417236524016
-36.2725243024276,-115.72059804217959,-129.29803014792782
-307.8939808874498,42.85583843132274,-55.85964962714469
161.06312262583702,-299.11657628804466,-150.37442108656572
-244.44690957021558,140.18572230608098,14.8157881366061
188.79551666464323,161.35372376546437,-100.28073775076744
143.68001541772549,-186.22553049693923,-164.1044896242966
-81.33809700338563,-30.526410522456366,-176.27091562720673
-108.4915275616952,83.67132160150915,42.85892376592162
155.95453460837797,-283.1680675801184,57.330641679250256
-96.76062537180132,-38.261488981377376,242.29340937130704
-34.5897194197888,-35.790142760886134,31.961971300913326
-8.360049282271499,-245.26727095846294,190.31711165173917
-304.20501913795147,-178.75999112568041,-44.97765458096869
83.57917512118324,213.42266437279628,34.990038374267876
146.94269007798323,112.2306210593553,44.650920298249076
224.91391837143155,-50.54400760355098,-347.8617862381164
185.89758405033518,75.46277509203254,83.73631071010946
37.292530135613646,-48.88606048912579,164.96734472875804
88.67355777620705,-65.3585708202371,-131.52456967534573
-37.15144845709593,-107.06211628925236,-15.19194733168345
55.260944248487554,30.8956181952889,203.5405784929027
-242.48927309551306,6.925307760230572,25.303965484885403
-80.05005553112389,-165.83791823761422,195.1574645668532
-67.76060393081019,115.38097824629469,129.32043034343582
85.20071135103588,-162.72993216085993,-187.25325710347326
-36.45281300341004,-145.79260524713735,57.80950663612672
-15.505018677843895,50.066337900552085,114.37572666627953
27.207377987980298,-108.34667508854932,-296.20902583733266
275.94258370908256,-99.5851159379092,136.2105416119783
7.4051691071954675,-22.183841412318294,47.5093023175037
-36.71739136147943,74.9733394936304,118.28503864199475
2.727800892153903,2.2606130581369968,-82.17390914220185
-143.8441031598689,75.01121463840114,-214.32972935653112
180.95812193916748,-192.28796216016897,-7.0756685355061535
12.670770170218393,41.545011848697015,-100.9789942591809
-238.43500360222052,127.87281291143462,-29.86988895141033
-65.99831119419949,101.87137499964787,100.19689024305204
-131.67542975980135,-128.42229059740657,-7.3339912603283315
172.98359579928396,-92.80856353512104,126.30324366650002
-46.030878253070085,1.2601059611908196,69.90261185065802
150.95523636063564,-87.32973141967615,-181.7360446816172
-76.21851114102039,226.08411292477,-52.68652539861102
279.7371393682192,-20.336064417926885,-145.44007287373518
