-415.52866642492967,-27.136517373728456,481.72357773823364
177.05212601866415,-229.85687269550886,52.616693285759986
-25.231023428091305,403.1790672984928,-726.0090720980947
66.99357585713923,209.61784962120794,108.32665998997491
-440.40466458507893,-356.8832016265389,-9.357423798744358
-251.87421323441902,-346.6644954272749,171.92913801798295
110.98136701534688,344.4051849310717,236.7445268604872
404.18185719088694,436.4946786526062,-84.33220784336274
497.65477766019796,-662.7392580187428,445.4464724950835
-409.3328491910978,179.25500690641024,-193.20323866816742
279.3056353550723,-56.816069256922034,414.1107745665486
-11.175873466389978,-272.56166175672024,404.15960334303634
261.35815605068615,703.6368739638643,151.15299530702976
614.8045458962812,270.7418296907858,-100.99165484315415
390.43540012616876,114.88804347984863,123.02179033029962
-225.9605624180661,277.1607992466127,120.7543765780888
-417.33794073406125,353.0276568031745,254.14878770289917
245.6754947715131,150.41488594450408,-417.92957611444734
-66.56180614107537,609.7891507686828,275.6749463422753
-292.58523995494284,-409.6842505220776,46.425349232688895
-113.6773340656244,-108.30045529518117,-135.4233920216798
2.037323177502345,-664.8118169105737,-204.06870349869433
-594.4506396015609,-605.8050710245318,895.6787576463269
-335.3178525089904,-130.35111786888282,-477.75454768406416
392.67134170626156,-22.061662177419564,316.2017740148078
45.40826778527369,-73.99179825755911,276.9126256972789
383.4858677335468,277.08849987418137,35.87329085712596
-118.5076223466089,459.61831252382393,1.2886428290199166
463.800913187853,-70.98853503882283,373.5702945313325
304.8129086203786,768.9057774965772,-381.308357476993
202.71474014709915,-123.16445535776047,19.66450652859188
-106.45556237421623,755.7392655864145,171.28344195458544
235.4388541555843,155.8827633768533,247.057779007404
-4.1450371310495955,-35.25751794564017,-182.175840357391
-108.15064773118566,-133.71876805482893,194.7404431048164
190.75525922919812,-138.5740207838937,-343.23161084818884
202.8544229844858,215.18891043446297,-200.85320979030553
58.39398025750704,-429.1687209814213,-131.13254636943344
173.4732253637624,451.73322036072994,-370.418318736416
-109.45271372324318,-56.99514658222408,-295.95713945718546
-35.18243938953912,129.54723203172148,-73.99137345424529
-150.2578511378443,142.59468251981613,591.6844975209681
-91.14642494412561,542.056672678243,-200.47371796103292
190.62981025777555,-302.90331493248857,-311.95088803767084
51.29912724121862,368.46678658929864,-53.6976106394215
-188.28662892581636,-688.353364497226,-64.12735726631712
32.75697950763989,329.6077291319772,154.9860930250966
-358.5594154344235,57.76403850570378,-458.79085033739403
-258.5306743201546,70.95908216387372,204.11697275491295
98.9818551941173,-150.35834951944258,-440.3584532390619
198.29546544419136,20.328516228427972,-171.34975058204492
100.86629347282623,359.57299665057116,42.002353062387215
-654.9936211086301,-621.4228602773801,-6.598669801000724
-335.4919773038076,-61.74206194886254,-44.31714543610166
121.80772573370974,324.7790234020251,-236.17582257182912
172.00554694490637,-56.1775426015684,291.1120847763495
-162.09039415040024,197.91932689259554,-324.8196768231814
29.685216802303422,-453.10347782547456,310.0314094122721
654.6216229669736,-123.4700522539179,165.0386617366612
-266.17148737815285,-260.53613264150374,-196.22041891966472
276.1323554696366,257.57688063382824,520.7585405866611
614.9579241324523,41.01161401554502,230.00181318397347
-105.38403362331829,-71.6349791843923,-321.9548605137509
-575.2380659341869,580.7441267596091,750.495477172846
160.50182239799292,-288.2443473125555,-174.75407834015638
-90.86267737472542,381.9714645929231,-119.71297422990443
-35.893568087901045,322.26233014248515,-70.56632430006306
165.233339585397,-294.0951598388174,332.6897192847558
-3.5192108758992915,-257.8012252118924,169.9092413857634
157.0418166746071,22.037356254127282,73.76004723166922
-323.13003774145994,273.3472309259898,123.67575788670601
-330.5614761740848,559.0320009164842,-483.0255793209642
416.36592712859283,-213.44242851779603,-300.0854624887344
-49.996376462981914,268.33273554956924,-437.7408791707451
47.48116694577517,-169.26517269970353,-287.163742023325
-16.752253076197924,-102.64107267845915,-294.1338807925298
-479.19568436402864,-5.823326703261047,-210.65485329187172
-223.20694568535342,-135.4480305418302,450.58498223023685
-309.0078510064706,64.58389253253355,-575.54194325867
-93.94808439871161,259.7326339840184,66.49020016353894
-380.55537861250696,278.4223869711579,130.68527309518117
-603.9630330963339,-548.7905357709119,97.00058846755846
-576.0068967129346,-133.41214227273446,-131.61646908815788
39.782366478748514,-422.0871923533319,-118.88656967901866
49.89745082939719,188.48666455526012,-84.59387898197875
193.23830222314731,-122.90546198484898,-201.02077397227177
-246.77529648716532,-394.01615239279096,209.01758331213267
350.26112275787636,131.66489673681093,-130.16237422012017
89.27830209484758,-337.6573372553615,441.984284637429
74.63421885653247,85.67742008148292,-155.9649510232982
60.0672712012164,-469.4381647879646,-419.0365893805469
-701.5038585043413,-210.08244371030702,-449.1479483165838
-59.334610862274204,-202.42952733246375,-515.170606109006
-709.2980541158447,145.54774735615254,67.93860983717666
-95.46085451971327,-198.59912810103776,-446.71607432868586
-159.5879548371818,-370.8607746316233,472.34384130686027
281.173325281197,-14.595312019983263,-800.4832278894393
477.6037080612617,-591.5030792206957,-28.749133059862366
17.618777231401815,-113.20146137248267,-443.5737942692759
-584.6016748667874,14.257376564396038,139.53361020815314
-502.92710523960795,42.81548878464996,-787.7593037945144
-1155.7754472801373,182.05050172440207,-84.1081275074747
-325.2009690689415,-390.97728443012676,278.02094883539854
159.36309295869685,94.23042229859625,-255.64189296325176
37.26235592883556,230.27849203258458,263.1957804067843
206.05155474807935,247.0498966414609,208.84473235712633
289.92588017097336,101.17236396432573,-489.5605297516736
269.1680558261799,285.02771418459554,-141.28006042646948
-281.67706951893075,-607.1001613742217,338.87862511825426
104.50394318132766,-450.43290258083357,473.6158175246841
-53.15327740614858,-287.6697786641171,-74.898300456704
-19.34661600331711,-100.16068725390382,-72.57859222283261
69.51561504654535,-342.5902661211909,668.3035983984091
-678.0864065355015,546.2983858148937,-354.72312844020695
234.39909407014397,-241.53937989382015,-119.00069666989509
200.19708595670753,25.062982553100227,58.57181773454412
28.5257871730541,113.85686753772303,-90.65051750430479
-91.73776616577199,459.96641295790283,369.4793720652023
157.78641824357055,-22.36528905830887,-812.8705495478407
65.8260839706788,-49.9739546583653,483.85448124080057
148.2356744445036,326.2823948229144,11.502044542392136
-109.52768496729564,63.30839634990668,75.08353629077119
266.685272392577,99.28624502758322,102.85835373180188
-75.40195765250594,733.7809103204879,-139.73897171017398
-605.2086029300967,-336.1843438870132,-389.29270510069244
59.612916774325925,-364.253437805399,118.00735997401921
236.23369262188473,-243.90635475033935,-493.49282005140327
-296.276381250205,-117.74242121202303,37.628309914857
-547.078950001439,-111.0386856539224,-20.48189887512619
498.6964468868782,-486.6940955340083,-160.36347160217002
-449.2946592824392,-94.95521752611053,5.713816581394986
149.3469821410645,-112.62312822365082,151.45843723563848
539.9951049960526,-116.77513706550228,-409.6434346483211
-61.366810578206874,-23.150712004229533,280.26899027097085
389.4877642959162,73.64733363441924,-921.0543835723607
112.3621961344368,-278.2152728938972,-286.9090697782873
279.27878594438283,-342.0990759929846,249.00470686891575
-310.0420730509392,-205.81399116879228,312.3922482912862
358.3951106359169,-259.6541916788388,339.85867117751894
5.157936513932205,-186.33850575700987,-677.6296623415933
508.96600953212265,280.0982506795333,-152.6838702863789
-407.4932067505324,199.16300123679338,-340.2924310263255
3.3630821335205154,105.10416042665773,-247.08721228673858
-85.20944041045045,255.45140598592542,-110.95468848384445
-16.984770377356405,193.52064904511005,451.97577336229256
-101.5324528689288,79.51916757343963,181.0836380449364
186.4766380794212,-93.52811411979442,65.93248573974282
-200.99697803067738,69.13688180107732,-110.16521550312187
266.1952398352175,83.58043621709928,498.10604690258344
79.17296096931332,251.71268080927604,157.52896555569203
-185.84945638978903,95.86532845119233,-111.19462909927395
339.1664052984517,973.2976999199744,497.8756800765931
-165.31093151713995,-193.547880711975,-476.76858593145755
-447.46101361915396,479.1127140233366,-148.50295404462312
-652.5430476999188,-37.516158244417994,313.2133819103984
-245.22173640932337,-170.35426596422988,-109.29301246808038
-546.3044155470393,-411.7156794816063,3.7336318819590524
-35.021986623323166,-515.1500477015222,224.64205968440353
-33.082757462446686,-341.9327508837056,81.70159401541521
410.62375468931,16.023182234230276,-254.86473845936467
-320.60868641509717,184.31137231588949,160.98109850780682
237.1504163437999,101.32176304821029,216.90328024871175
31.942173839025862,303.2822081011406,423.0831516517169
157.6961678529913,163.90357126940268,14.568922871596513
396.6529511244577,-122.01527931061663,322.35759559615
-494.3129828839865,272.03854675015185,76.56117798689903
217.0268694893367,334.58199310594193,367.25978313384707
-490.3151504851275,135.38330887138733,236.45191739003124
-284.26858724460226,31.856702313046803,-563.8400348000782
-278.7572007693793,102.33457207955115,-125.0910642201108
-369.35157918629966,-82.0466456564065,110.66960817653573
43.64101067797071,-550.9747147483267,-429.74597700199837
153.90149054757282,-361.7994268725158,355.76760513618177
289.74680812867297,-317.4799835614748,679.960154215009
-106.2082318406414,-192.55337332273848,24.273712945846917
-105.5892499960057,-115.66058598480684,450.8922011508523
249.07333255895833,382.6795185434573,-288.60272126292085
-414.61236293571767,327.673345074036,583.6578419152181
-223.12199860446023,44.77089315063836,377.98989641005875
461.95040066109163,68.52687183302255,89.98725953394508
-80.9332625945959,475.06188313162943,79.06935074988412
-611.2584721066194,-189.6728318451824,-147.80236987403123
394.34820518175076,204.09661790290326,-405.0803328080023
135.90108537134108,187.25617488793995,-400.19613568811315
-365.9315809690804,-289.6622391480209,-370.0286793446425
223.52631125738688,-297.09255485418254,30.89332323328356
-230.15995190126506,613.6003524846432,20.941253243092195
-483.94197751566986,-554.7296196557046,-430.09842348513047
-442.2481994035261,39.04349986283128,94.68164573488802
-111.08146332101602,176.58523590037777,553.9464329427326
389.9854269888133,-610.9804285180741,682.5888792907292
-308.6794138344119,-278.3580501689738,-139.87360635063726
-440.97815845733015,516.3795870652414,782.1436174215166
-149.18302379415348,-40.50501103028224,-133.75945401466694
-46.80164438205638,317.1647934204566,-508.8514802592881
-524.7896858349449,-11.58678311152805,351.65223816551
157.51338863301197,412.2102471133835,673.3578052793098
-378.64001682922844,541.6373892628277,315.79104172967715
-363.53472828527805,-455.06092672654876,-53.57572090023798
350.3176641800285,702.838561646213,-365.6504956465607
-544.6713077497707,126.03860426878106,373.6452116533439
164.53424539894675,-178.62199809915379,-125.62095314878903
74.77913477431636,3.4133282743913167,-58.091892044508356
253.89476143381503,897.0071787599895,-104.63009734996906
205.19840888520406,-86.81681435332874,-108.1746698995134
-87.98518600823276,-49.497435396842846,-99.96806154776338
620.2287691797309,9.534605489334623,-460.6072880796929
-82.97536373835234,-54.24980605371589,451.54215777281627
39.9141036903181,36.326419138895325,5.988698220602613
58.02619759469867,-197.05707576957863,-219.5297005670339
-71.31991874875206,76.8963805067414,28.96170782616848
45.37745120146606,107.37271776149129,-12.973642544504877
448.3113208169186,-431.8276413288557,186.7544453258962
170.15211806347466,-273.104717552227,283.0510604387016
138.6719587697486,126.52963634637398,274.89547276056567
211.58004712706213,90.11036026660864,-352.13397787712717
-686.2323125564686,307.1909876061157,43.495019187242384
576.2808142751106,213.279991178574,502.07027894630943
-160.8198927902023,-40.42413092224748,-27.56185270922388
459.08264364937685,-21.416680466462978,-121.7399710414019
-419.9211047771046,436.38282873510184,226.9821808712172
-253.2498302135232,249.39858670184063,845.8870574087707
256.3016320456447,-368.5304541883457,369.8051394135921
37.236317103447185,-291.6510683071731,532.4023334799225
-186.53994346608764,-89.19744042949534,129.28339298734792
-347.9694817945178,697.1711794946614,150.6373175109568
21.580483852156892,723.5680734916532,-179.7872422204335
-190.42820345851467,-65.41456960864345,230.47760511352655
-369.3931930038408,58.436188561106405,106.55189317993617
-175.52706883013363,-10.355890232981745,43.116017049752024
-40.04857066236465,-423.83157563974464,-9.185110742373219
128.15505538254425,94.69949197073552,-55.23690345745005
-355.2442921635037,-296.47035804041064,385.4721858340524
-586.5491390897893,-256.4513947691731,235.63032712289035
86.25398174523914,-137.60978275894365,-156.19265331439084
53.33929585918369,-268.7540920625482,-407.9314185719522
367.494256123306,-600.285116589802,-479.7866499401269
-46.03835032958842,-231.18228151135486,811.7838077851401
127.52077701575672,157.0584947038499,278.3780966913377
-215.4484035873775,-418.863162761994,-1066.6516040584072
493.2824141968215,352.4912743459985,-24.197692570878996
295.9159347773608,306.7837668644974,-323.48403640632023
143.73964883976106,-68.12095971755656,108.79055997037732
278.0758645320696,19.144157925149283,92.04099564970244
5.426470622478089,-325.0966762938905,737.8172232049502
182.45741410130432,171.13644316573135,157.70418074100763
416.91363025415626,-41.24383253031686,448.0864302642554
382.39967840577054,322.7923141506031,582.1341381139176
-195.40811262690755,106.25132144835736,-299.4115450286515
58.35936427381738,-301.71061769532173,-120.2481947479319
24.840784403570844,-147.90367359935567,-457.62787011041803
240.8905366877235,12.210217010829147,-249.46340390884342
-434.1450380521412,159.64477185350248,-191.99222382316222
148.34674432271115,291.49677413846814,252.4678569956169
456.0214401281863,-227.01144860079822,505.0953007281735
-8.027889621400409,-225.58157922934814,16.658781480229784
-850.1664036063894,-139.7862774833928,196.60965505917972
110.70669394343994,-25.55514904769702,-411.80694868182735
187.08686746160885,7.460024614949271,345.5533984815214
32.528818808940855,610.3522677921102,108.55078992231414
455.554305139149,-205.87397883640153,-149.12314222370549
-276.43956671220025,752.4925036627346,-28.473097764066058
85.77909949326892,147.51546043630583,195.07539092649716
16.29383687948182,256.56275904568605,-83.69990040361486
120.18495797397586,838.5345585773367,51.23000352314095
-102.93822929827779,474.31856058853225,356.6532299906053
-8.91883705196569,-289.32318960207823,164.35171505329504
-101.4730806933841,315.9625705571053,-138.1660497703442
174.97562214209066,376.2697044441045,-669.4542727667757
-111.06763430925093,-87.22982849876361,-43.399909583074816
-173.66185313164863,-159.70081280205926,-64.36419084858235
362.9562722076567,155.15929274621234,397.2968514850591
571.5766195889342,14.298689699224916,-16.48221944907822
324.5296938850167,493.132381087205,353.951679395357
-231.44865643125343,149.1386537943575,-285.81837850796944
486.26379152468604,382.8291848757263,-212.51609573035972
75.34500405923544,-10.45807717308028,-273.2425462364502
-484.05606292979087,-293.2269823664299,427.3542807657809
-420.09902751057706,-596.837884778062,230.32947885044055
38.37535756371007,347.68713631622904,493.22620827429495
145.28464746725442,-145.9361092363327,-138.50477235657834
-72.69259232244501,476.9595098104132,-481.25328771145945
259.1243134825906,317.032818118924,-102.55835497883756
-193.2481827019534,-4.331506554450213,288.1287667615119
-650.5091316355791,-136.41786283439075,-110.41686939411935
133.22785942767445,-66.88958453078037,550.5148977940551
-384.50099411269304,0.9776990027029783,-192.4597209763046
-17.3711783847214,-246.0684988292394,-917.9491608488053
259.33670760983415,423.7607715149539,413.07824356928506
-153.07669514600008,-8.012821160624977,234.66352929454973
317.424604735649,-484.5961842441116,7.021027086069731
157.80691945910812,510.18238489630386,-12.314799315990793
178.73038048982664,-128.94801332954347,797.9263796030801
731.2566435227081,68.45945629562354,208.13647171364147
-201.96968378060848,192.4205262996906,569.6054840088418
-314.66990341223357,-16.199968740980424,56.90043019443811
-387.8773302550819,1.130766283352474,-164.8237365725863
466.7051786748613,172.92028897900286,335.012562783734
425.65479160089035,-424.82004185437495,-110.59565636759972
-69.11648289554107,342.8029758059699,222.58313055021688
82.01511346574593,-433.8609531797852,-112.08065336594767
-332.0118141375997,-416.92289183868826,236.23716240674818
-337.972201551207,-252.06105604447617,-186.4513260001587
630.0523446105105,319.3506631188017,-199.32480636558273
-513.2211490054068,369.48910895050466,358.6051217810255
79.45272080347921,120.83729262846897,-60.959682731309954
408.1924818226756,-308.61125086622195,-166.4165101408295
-52.226430664652206,-24.892074187480073,-179.3505577981591
-167.95666604755485,-239.24124503931264,197.21709444142013
46.27293943356269,374.37092046456894,79.42025370981058
223.33624542473547,515.8453895734623,-61.29456867652549
-11.51314061163118,-310.2130962307109,-190.98733906393207
-173.22176884902896,169.74383840712568,215.5061912771445
145.51153778783814,-31.05101957059487,32.4523927009322
-18.44486530570535,290.2721162591353,-104.45178596398604
-85.34035977434745,212.81470203950772,702.5293852297342
24.00074254999118,140.86917908236367,-365.5134411550827
163.10566728313304,201.11553682116173,-143.29604481496037
-23.025368930126,-219.27119176991755,-322.0654653215612
90.69482504702248,-234.990522288858,-203.12908171694153
227.0203793876824,-34.96348458444339,57.29319992158649
292.2684838523499,313.743987779757,-148.5587796587581
-44.82718239231028,305.44867149537873,-138.52634970562832
347.4807996072785,-288.12051111576295,334.138753801266
369.4866916471293,133.55627101540273,-313.3265327423946
137.4711018559894,-413.6877293426847,292.6598669546603
160.86309831039162,-223.72762999668538,472.87074747438857
-260.982737825726,23.454944776992058,315.19997600304407
-32.76995464554828,603.1002352065138,-256.63368820665534
-154.691871183711,-95.8036568277717,185.19270952621005
-140.75664819456034,24.914049931664678,642.706069539231
-308.209340389554,-320.0471505380063,35.6220290906203
-102.65735180362356,472.59309896839716,374.67562486126604
-341.77890080803206,40.0362809283035,-439.6620158123103
483.4560863300257,-369.04599895172146,-42.65187232360785
-579.9322208088016,-91.34004549996165,109.68421375009464
186.5802118183708,401.3392241948553,63.23159346158166
192.02799856162036,157.62749779395673,-390.90260885710154
-333.869971300229,-154.7713773782498,-5.576104248956227
-426.38723641604633,30.91572890980966,-203.0348860773501
308.13487104436706,334.12900782706885,-78.57561493828891
-218.9337721217012,-174.7249182726221,-133.06804108777573
240.18725421468608,-191.8962345152151,-191.19273569344196
62.29020552156403,147.5826867803396,149.3983648283667
71.7615457950944,-483.8644223900151,-352.38123321666336
294.74725254461623,-515.0059743173085,-285.6238597120734
66.01866699891349,-446.6739861666274,-95.87961844422267
436.5506861613856,-702.4609808460752,-364.2100116467228
106.07693479162174,356.5907465397635,840.9357100868147
-25.06567288592825,-628.5140284636933,-509.20474499801514
-457.7519393989001,-187.8575436061243,-208.2213557227096
50.693963701707524,-48.11309849390622,-252.8046595902697
27.941351188728973,67.81239315811365,-154.7949181674364
1242.1113240001198,-34.58883161119286,-513.4134139283537
-131.11067767511395,-153.00402336496307,835.0492932360469
138.43882996643273,355.5827972867116,-217.2871510105531
-178.45068750083925,51.00735225893344,-130.57439308704681
-436.4529287667595,383.05934467409736,-588.3951079477664
-192.52892140572965,92.93253436300353,58.17534324122613
20.08623014524351,246.07589451640425,-100.20338367433462
550.8492159479288,-469.0400288210211,526.343617355663
149.3496236127385,-377.6722503779487,-272.62230251811246
-346.06914156117017,266.2139319420254,233.97266098159287
214.53364365440493,215.79707424496013,-28.18561630142039
-386.4469828128807,190.99330647057002,-286.9385355613257
-121.4226551297515,470.0090951687425,-225.6842826604316
-240.54810634907977,42.81317220842046,-447.2309349613729
-50.202779137297284,259.31032287151965,-156.36295752681087
-91.31176202601404,-311.8967786082902,227.9049497202534
-604.5156756207442,-155.44118023438384,-149.34853952454512
10.430703192919694,108.84251107225458,-3.194989113561618
163.48552225817943,69.51345078269877,-623.6057460794295
-522.4040601569045,-424.4470032624293,264.4095388670363
-242.72048084643873,4.556893149543155,-150.0175708401678
-105.04210344146234,0.6497554842939248,-79.70665550573574
-588.3292567642155,73.28053464720833,-248.79903842300774
-247.3388914053869,-149.12582283665964,-316.14504628191054
152.85691837014897,-21.9089163487617,213.8726353566975
-84.83000844404675,96.40845453300354,-398.9364645194698
-243.90454604747822,25.54475118303109,-18.45288479079735
-96.06938960277014,140.18196325540413,213.97916039190534
-170.27665084492983,-44.16449029534817,-273.59628763765926
-200.9313945797497,234.40559944871862,-299.34581067738276
-857.4040166271724,10.949962205069093,-710.872591144679
84.68984909312212,233.8510517620817,-976.9787615467911
-114.20187390129524,-234.87103739526336,454.57885812436064
-290.6640459635857,-748.8018134824797,-172.78337986818042
113.5904982324212,9.792438764254747,-3.8951853723163943
762.5985853384107,-662.0095405239545,-29.47083141059403
767.9091033495604,-381.83383608708175,-208.7125626471997
88.96512055751985,126.04421400777852,447.6765457356211
-332.48965404835667,503.8086799654795,-353.8173642714349
322.5604828263918,259.39510071293586,-181.79729747098122
-418.4199884175877,101.48549390228625,-410.15801843596455
-118.18477979234923,205.53430870417745,70.50672879497981
362.5253599006619,61.679639965040316,-227.28813083452442
324.327406489289,465.5445278879788,-319.6945244519813
302.86291254573825,-333.82358090216013,423.5178454952694
-304.9940068117133,-304.4738037772982,-272.3333747646164
-265.25735315464703,-86.3260209642288,-190.2648874109582
374.60723490183204,-117.59624735619255,-78.69147344181408
320.7775610841353,417.81595814614224,296.4694304770366
-360.5780065725218,-217.1670025997093,-557.2832739733238
52.04741548754911,589.8621862998402,-342.2109252417717
411.0720403681711,345.9116777092449,48.699490633689074
6.173548960244963,-83.23830429958946,89.47533672625866
-177.7283020736315,434.8212181076457,61.829854893843034
-121.7134949738852,-285.8838976796457,334.942515792699
-588.7514120810839,-369.90604229551025,79.79524140505697
-155.48702106800525,863.957207769104,-169.38614942435356
21.73821299937576,-607.3909887619217,97.9010505342144
203.77935414776383,333.0973778337547,245.75815433098614
-18.97014160067069,689.5178046814885,-362.0795333236065
60.992208881653646,-161.17619647665995,386.9025853535155
-74.22718348190324,364.82044200560637,84.48375576110995
-380.2598905240003,3.9919200685705754,-60.65273777779019
-77.22517325890693,-201.25221726523307,457.8620638078974
-295.63624942770724,138.56751431748447,90.31827549054744
413.24883922070313,-26.48245349469602,-270.7255006225043
175.71404594063367,165.858523462529,138.9848564289668
280.59216169083345,-106.65945846220241,-360.1731861404925
-136.13658193535196,216.919237696565,608.6724360896438
306.1894450550867,407.38454766849327,48.37871339237529
-496.3298354971511,-444.478709854309,-670.746779900883
-265.8682028233368,49.97957138291667,-76.12931521575717
-522.8383790386415,194.40733638213496,19.28300293272848
108.69982232488415,-313.6685373773454,630.8155739830574
-8.269154545051778,51.99071812990872,-290.39969225707125
376.2953266022156,-630.269930846175,10.513939927281157
-166.66359433566726,195.57254230778233,298.20644463319155
215.97782757707526,-141.37793795030183,12.806607045695287
-171.55431040936125,-80.0703992803166,-49.61032044869558
149.63155680488916,159.31178430851426,-512.4749718240071
515.4911439179839,-161.28057564783202,100.49688976881488
-30.55620936685029,-236.92332575302981,70.94397977666078
309.40726755451004,-249.77394736024794,755.6800720487952
-191.80864688684017,-28.770542659383274,69.19599607897823
96.38912557269954,305.76048480916404,-754.8948924226277
540.1820881082251,-69.58421266750624,-173.5621083487937
-641.8249042316432,221.98332017167857,-301.30796917645944
239.08726683762447,214.44266245075096,14.150772696384896
-15.752297897575332,706.5083928663973,403.3325570652972
134.7753254648879,107.47404451780581,251.1100426270886
-8.384831339004453,148.6666807360209,326.11878203057705
-19.52279090227632,-164.93964599366595,-311.78477269136346
432.3678926706223,-634.3265160109528,-459.0554995147774
166.94131223185383,704.1118426828822,32.215263111782036
286.9465533347041,-26.35263320867052,-577.1891903385821
-254.4446738363281,154.09166849643583,437.7196739602943
-187.81126065570095,-384.23301055734544,-501.0956467666056
275.8817402025715,-330.80032342305924,221.367227241088
-310.34265023422734,-285.73966768027395,293.38936763458577
-122.41503781618671,-121.38890759188872,-231.8855562792854
-307.702843220256,-298.54123095669763,179.67308114364297
1.110009519525863,-12.826509141609591,-296.52449835228293
298.34773801138476,181.28616252766653,170.20624662879644
-19.380903825767817,-508.6696574717768,585.8158199184877
-19.95526996503978,23.767054090431603,-16.862618198173234
297.6595163349543,267.2862228841641,35.60777273645751
812.734446236256,17.079489166813985,-160.31565249199318
-263.4835560723949,128.2480536412653,-100.23849481515221
-217.49327728293937,-159.67024218050244,173.7377304007957
3.8355637451043747,19.930067942299306,1.3431790816868039
76.08586336681466,-319.0361210034137,126.68694500142969
413.23995906738855,333.4495999445702,-22.03915423858583
-16.66681837347984,994.792596033621,140.07216932981524
-249.50011798811488,288.4331184845157,-382.13809235785254
-17.20911052111919,-202.5154222015916,-16.83128646768849
478.5036691530512,-141.09297139818725,315.6447878019652
188.195201037279,-45.00022761491934,-276.9512347046615
-21.519928490575413,-186.36507576862036,189.57743944414182
-113.18844618652737,403.48641823936947,-618.6941941156575
-214.48315930858413,-328.0328996525609,-232.88371103209047
86.64388033186289,210.25717763292892,51.694829947076705
-112.30067186754633,-423.6130462732167,325.8278812541078
-436.33573016649586,-285.4379376454481,-72.29681839731498
-266.68889733539515,125.52246939575855,-771.9354428286731
1056.8379699093548,3.577309548683371,238.4637741737654
79.84416512540167,88.36286051187822,327.5311482071339
177.20702642986396,-306.85632590199936,646.8345377455865
268.90381842113334,95.97928860264793,-564.0574825169274
244.4202536713183,385.5073425186361,1.014549347329342
153.3158291924835,80.5420765042262,-237.52184929319276
-89.18367325971472,115.12478616437633,30.474764130902585
127.08349307362907,417.8589629174472,-176.4156991131641
-204.0872621600207,-783.6962661772352,-57.69215040085222
100.29934047419788,-112.1695619997894,89.7318952274564
45.0785292943721,404.66727002033906,275.3576805982393
-275.94117782608254,-113.73197335251703,-139.4057952215382
809.9752388464981,-130.21869793164544,267.0323831564838
98.67021793388727,-268.6817242282968,458.3069785080365
-381.18578517057307,71.510869630244,-146.32291860060374
-145.1572892009053,-327.83359055526034,325.54493432271175
138.27920101301814,129.1523659367834,-413.56139389553647
-253.59852783223855,190.9453211328872,892.9309030796218
-15.312859638685028,294.8802592009759,148.3557635536403
220.6647356251642,27.4109806661057,-121.2683164566643
19.29688266750363,352.2637619095255,188.317813919271
-498.0297032778076,-239.25754365477545,-27.501970914274306
430.7833285136639,-221.42560077818635,495.45355153615134
-228.56546853642618,211.11284098491475,-72.19235605325959
-327.64444519073163,-817.7796967192096,-564.8819181023027
-305.8192519010117,335.69923483569346,46.613726710088166
149.92914619750604,-162.51631814218908,489.4683636818609
-235.97870806239973,581.069451476134,-355.09992157945743
190.96925873052055,-276.7176487787527,-438.25432420983134
175.0342324813757,-159.75491205964593,-320.9811960776206
107.67831260733273,513.2868140659875,-165.3633239306206
198.81603919994356,-194.64948744373777,54.63415314618083
-84.0562533778758,344.68825200341485,16.656483715245415
47.777635539092444,4.773891215820536,-260.71670732059425
-271.3494965799437,-256.9272924166494,105.47703312974306
-369.90902719486223,-159.37325268294242,-40.03110050947596
-188.05702727309415,-21.425433842419515,220.59224728001632
401.4207225037842,455.66823813820236,-33.20357060131565
-671.8359119201574,-43.48903885539465,-425.942338932346
-285.41128926514295,777.485570517159,-121.4536776085357
-128.100203262258,-39.423310015924244,118.64172785543451
-762.6272028129662,171.9661878856675,191.64931555940166
93.5650923798901,-577.4622148844246,22.860881270519286
2.0686256148014674,225.41332576985153,-217.97727279840083
-277.4243778428941,-474.1605467451997,-195.30418061200984
-124.66197411039248,478.08442553460804,-7.399949525632787
61.98634755848738,-5.9964285835498465,267.89355956632954
-146.5886891297455,-2.6500175665785526,204.74323412852232
123.53471673213295,108.1205854677709,-842.4693976818221
-728.9825866785068,-176.40031603452002,-215.45843409059066
227.6202896975824,165.29025516893233,242.15502371281997
377.36184471455147,-305.2823041151129,-708.8164037798298
195.11252653168344,-52.28026008610504,-291.0837456440594
-154.35792170905063,-518.444640874416,-51.18445283232453
-249.629927813926,190.24122611039084,701.7193179065553
-196.39193391950386,-128.7987097278272,-463.84795322125854
-81.3187135905602,-143.23836458962415,664.9063318931258
83.9911099461728,-26.508301664756015,356.9670559700902
-565.6733542380821,271.5564926128453,-47.808517043557565
-24.391656740262913,303.04901567199954,-157.9733706050578
43.609078853308155,218.51815006743104,840.7728128559888
-437.2891259522636,-183.2293376247515,99.26406962715318
97.02111943810846,518.3608354700709,-232.49159180921478
-59.61115891926809,119.83145453585782,150.23218558472217
393.7917724695604,467.43625936493504,-185.31534450488203
480.711746708363,-80.31609095878953,-434.40077810782213
-320.06318253764783,33.07566367949349,-78.73427833109666
-657.4115332141527,-292.5533002183862,711.6270219793271
-621.8519903292225,-137.02850236359382,-16.024292526314323
149.95577169709264,-143.43759772835585,-141.88786847922702
228.08624269170886,136.37020238673375,86.16827200027721
274.19051490857464,50.382496828801706,-122.88035179917425
-40.19135780323545,-633.9364572809906,-110.65320258433324
367.07008546170374,-182.77586721551583,22.549456689364508
372.5746626147053,-48.87538502296204,-43.02165175188741
572.0324241171518,-48.30854644931256,126.67910663511314
-32.879926318019166,-32.452687384407,17.861556971235295
9.535082655571417,415.1527650285958,274.94765693259586
838.6031861091873,-265.4540386579965,72.55084327148184
421.8652356844783,450.74468486827317,-74.95762705215341
150.6980942010369,371.5185126132831,-141.3085187496053
-31.284845466770427,16.81419126063253,-271.9173594628709
-120.51570768341739,-199.99237915595955,-870.5566560392083
20.251132699923193,284.0963983768199,259.36810955417087
-816.2793823795458,100.28244002184306,-161.68899257733634
-318.9086061612741,133.28931671871857,-215.05482491332467
-238.36667807032833,-604.2226687124113,412.0004855355254
-52.89627980919277,-107.76802587000098,269.639103767814
-160.99639886049295,-138.29163584660438,-150.69779885560456
222.16612903143167,781.9790112110828,-391.4410950711671
-100.0516707850973,-280.8625220005982,-174.0643282043916
-353.2758176208966,-101.16574129870217,-173.89395845011327
431.5080161384556,13.147783797296182,316.2259417195955
737.4761418982179,641.7928606592075,394.65018131427297
-221.52033102077888,333.05405975966625,87.20127979632407
265.70356641792785,-465.9088245727749,-30.862747480969574
275.0889513296271,245.83939348785825,-47.477069710684084
295.26435921380613,153.06448887851118,119.78597881558152
371.62336158911523,8.811332845299585,-254.5860276697786
-565.1878483798358,30.809181100424805,180.34560457902515
-143.63309374988202,-542.7598751922058,-35.692224230415874
337.9715617804774,-113.24401642602449,-197.16940361071278
-510.7576498839146,-107.36868996730746,315.17730251466133
-150.8212288424536,97.54578615928843,524.4117179250795
472.1828321010094,299.5886026979533,216.10768365905392
-67.61364661709244,-355.0117433430519,16.11525564927354
21.387604160511568,-64.94321879481465,486.32574929929973
294.80494747659577,106.47065591956262,-240.70406928270006
-357.075198509687,-128.88745680075502,171.62920676180119
254.4238484650536,-154.16037814676184,-281.5563850583376
-333.9050438790951,-68.44192896545694,-646.0154232091033
-0.5205261244457953,172.14934617656198,-137.30438040790057
-444.8247336659699,56.012510676961476,212.61275786011285
-190.75880413518254,-371.6817248421638,0.3056163576848041
48.548581697751445,189.08532427317968,-382.1679225375818
-253.83365667293128,378.3532855203822,-176.05506457056393
6.774806927956981,-651.8199104778722,-233.94006130009362
1288.6842545570291,152.24458806570306,30.52830032133294
65.66797753884573,-177.7801531947411,75.89752873773804
432.07408143602294,532.3490310605308,385.915229980141
-391.7537727764691,-305.93424873426494,-111.32461755455516
197.28770320746457,322.071959600197,-126.60076885401324
-124.17546634104747,131.79001341655726,41.42498716384201
149.93873693073382,402.6489939021083,335.07885136710144
828.5809125783269,157.16957880086676,391.40967200497136
-118.86108971000192,168.0613406363387,5.207175328619358
-56.910036239926406,-398.4157307933754,474.95951085142883
-300.02636070720007,-344.24318483010245,-157.7502295514658
-150.8772970364675,-351.5535853966634,-415.7268648449842
92.38318226440761,-33.19162739723238,381.146180530514
-193.962897656806,-597.1977285541368,565.3401515337831
-230.7729444860022,-195.55449047975893,208.04944180341158
-220.61979468834238,-450.3756985036538,-436.71444698989995
-502.7940432688336,36.57416115767272,-153.49395065261578
-3.8149041351466324,-129.8244085892066,-259.80584973482064
30.519148059153324,527.9640240046443,136.6716782042838
277.859890395913,-107.03248796657886,349.69266477122653
375.15838519608974,-242.1787282657156,466.13333441660933
-659.6345397867498,270.4741095943479,-140.28292487066344
88.34687345301099,321.8704694066967,-123.00571846962144
203.25235375639224,-671.4516429271781,314.0407952070844
168.63515031603902,438.4257675580172,48.5460409397441
253.86528319157912,452.4377007777733,196.19850344205142
187.04103922089942,-461.37859074207057,-238.16871547379623
-67.11347826959502,413.61507353134704,-530.1993038737382
230.318140680635,-360.9165392511581,-155.38175405022102
226.8090012838321,345.9234540034609,-158.75289229475342
223.12472553509394,468.1958962470893,-43.61585927198817
343.94376503481794,-483.8447556672785,231.42794946789866
299.3405936591131,-98.7114243704294,-190.40622491508628
110.27383544477611,389.3291541168817,151.82554368137465
72.13107381320219,382.5384975391426,365.5138113358525
-218.600029169858,-254.81983686022477,286.71725523140594
262.66752639382474,103.87009056016146,-295.52283380867686
-51.20463687753144,622.825760560176,129.62413643349686
-358.6711115688345,214.85342193833043,43.28484704148742
-248.40741888096588,412.10492283095573,-192.13779201387445
389.04938107947976,256.4390629975084,-218.80609657549962
618.4452468194163,40.32991722275132,-89.97396848281241
84.08537606918209,587.5007914814436,-329.2224702343551
-387.8756906430801,89.1046239649954,-36.47911364505516
-193.30920198697535,96.220695345505,-120.82028719348003
523.7696208299918,108.49203902419038,-199.45097020787048
126.8634746497696,-170.91330380463177,-292.98328303175384
268.44218890725074,54.292320757935826,450.9857685345781
49.196440697800796,882.2065460349477,536.3275149088212
200.72430552888179,-657.3303529340176,35.98753914056168
61.043356412701634,61.89774830210562,-132.30892863869278
-218.8754983481146,330.1119646823359,427.7586878241623
-313.27702396113636,360.62665311513075,289.2062460987913
-399.9929168569347,443.0830195362259,-181.58928277349474
43.13719488818255,-26.74749836839952,-569.6479367393688
-264.35868939759547,294.4836671620591,-543.1057174071844
371.90926995949445,508.44682584478323,-96.47761113671525
127.65651965076326,756.3610000572041,50.06213388479631
-47.37276249140121,-81.81183932580102,-92.04522710176647
-382.7870301727625,-453.3124694014298,180.50038031727232
-207.32786155520148,-336.29224164374205,172.63187406495723
-82.66798007029657,228.88652966397828,-42.841587799504545
-273.21008685903155,378.4221454821408,-440.13306842644096
-388.20612918821695,305.6604327023578,-571.7912651371425
307.93005700369895,377.9465052526592,89.99445078510092
-236.5190069601278,-257.86161484611847,-409.237899217327
-166.48186934057915,40.10569070570675,-150.49254225583232
-242.66733475130627,223.51783540797274,75.4722907513656
-43.6595876304034,-109.15156698204828,512.272668450682
122.08470847721826,99.29313719378875,-94.61505508324954
20.670103745629994,576.6946770645712,-238.2905464937119
573.3807933195345,417.6263289810278,-136.96391073335758
132.05083389118352,-487.43411002812536,-589.6077224731778
155.9469669695425,163.6359206788734,-352.54226481757314
-483.388168957071,523.4529287376678,91.34406691842871
-33.732641112069224,557.185364502592,-94.24902048075495
-434.6182289661198,-399.1300847050492,-111.46206380108892
324.00827860829753,-471.7600072378214,235.38152518896382
-318.02257960095886,226.81926323636392,13.396971825558593
-415.563325589836,576.2016062229743,-467.00749251987224
587.7993264331861,-115.21494552782588,-28.50015133147232
119.21900560807168,-433.88683521946587,-500.06699596217095
-499.3754965400027,-192.95750953623119,-12.788215849225066
197.45904977759133,480.28214636559136,153.83876675324925
477.36868565249733,104.2185852429403,383.37150149038894
201.1365320359555,-101.21339894977484,265.3197443316938
-41.29071134311426,279.0988626253847,527.3897396807981
211.75310256169982,-172.71044125553368,494.0963752376778
-598.5883086454825,132.1242249065078,391.49853127712026
17.35029713018463,201.61580657941795,194.59058786166415
755.7730256799108,-90.77163637750222,157.1789814461388
151.1966200320638,-374.64947131964607,-94.44476608726097
-156.771942407587,-43.60137341692444,-159.86504617385646
256.69555674556705,85.29714007744381,-121.64507650928437
270.4542575278145,-480.7053167528262,-443.79283185241326
-55.1248988699977,-77.68531818636822,-380.7815084989292
77.9772781302421,-700.7299861702677,-187.22731402990036
-217.35295616457162,-49.908463430585655,-116.10309609487834
-175.66646306529805,-214.22513590014404,66.75317370887885
-132.29579968299606,-84.43583400491347,-383.0980920238432
-253.5389118818737,343.53925027557125,264.06740557975513
63.577964005245114,394.54465551886636,-316.2785290857786
606.955311165758,125.70438142230459,-518.5911801364766
190.60355513013795,130.58420317971948,-158.31728582197496
-205.64368255148375,103.55393685266647,533.6377428769603
-35.30789224202803,-433.1896925824149,666.8466311225324
54.63515243598063,-294.46279127137336,-179.2666737297987
88.01919811226315,-268.762346921083,-129.37426765958472
-257.1449191593885,48.28899432085104,341.37827231302873
-488.20878385766974,-343.40598768683196,198.78394809800582
-408.44244118830767,-23.315713547006112,-33.190169618409335
157.45529156905368,-175.1327420690611,-390.12853138739985
-410.73169984897754,-215.63439379941454,503.9387795413934
-49.08779848330715,164.58655991331548,-60.31989017724041
559.023654969047,-172.00566464049174,2.043407968883669
193.1609007316145,-454.885705917835,-94.3131119942483
-319.4583018131707,239.18538144663518,-177.8822434939477
320.1930152562651,-770.8210599106336,-200.69701165614865
-146.5516455126964,53.15181078821662,-396.70743681653045
3.779011242793673,-543.0773777202469,295.3840914179533
-59.49037056103896,66.90820567921116,-338.5928478923823
-383.21086701995887,47.6023630555863,402.79612074910716
-182.3704681264563,-76.2100737571609,-92.71663256794622
42.18895708586232,-399.5922750153601,50.44920394556765
-326.5450910961603,-331.6688609147601,-257.8239633691946
551.7001151921667,375.41673477498585,193.78625353296826
361.4154992083795,71.60535058251516,-424.1930749532909
-358.41344412289794,184.7033321681419,202.42644654050113
-281.66978395733895,374.9724175441791,-115.61448964465923
209.50435260987172,-405.73481035918746,184.1842237188678
0.4616550816363449,214.64592081771758,-1.235084650762582
-223.8649434713924,-254.0451721533144,353.54675517183324
-119.78488565176454,-586.8011509425871,-161.4202157907082
-44.02732820900273,796.123638953251,-37.379464719832946
42.48123412805158,133.20212322559104,-2.9872251118357944
-263.4863781456871,-442.8551924896977,21.606750860736152
-207.87454934386156,-505.603980691739,-68.38823059938106
-257.6080785043702,-57.90347800873671,-50.295587661140864
332.45007429718623,-285.3153199021329,-379.7782780669235
392.02623535349267,-453.2785580289101,123.96378706295778
17.83282780150761,-573.3921326067541,-348.88794176430565
-207.48814928373525,-36.49060613227843,109.71397231450159
306.6467870810098,59.021118194901966,267.8797138847431
-293.8463260864664,-150.5411719622798,-34.38470416907358
303.74769644169197,164.6556900843963,-313.2861535648901
-244.2963857142271,-298.0086570662787,-93.76549669115452
-313.8502065493516,519.6790889775724,-46.21533188411398
735.0173468434061,-284.9292692236554,258.1282695905569
18.224035321148627,206.79166268076426,-493.87147395309574
72.26583153840855,-4.343872617859866,371.6193267316773
59.38762500460289,-656.6523042909297,341.9988946030784
-261.9989454618085,-44.48613706400652,43.56883206503274
-304.59724242160365,-14.909432766729525,350.8365182001212
-155.86664691082643,-153.56341115801087,164.29109729458315
411.09731748080833,434.9770409326521,-484.8048596929725
-270.8124254768326,-21.8367350156119,238.9377096878242
-301.0039430862503,133.24625321888402,-47.7909179561534
371.67738366194794,107.46513835777496,-868.0228945539969
490.89521809098056,-187.19816390522814,419.8115489682617
-415.6266000326097,151.34937033235553,103.27997531078496
-191.3663850522953,-254.36175455565657,-279.13132062369885
-356.4824450955752,-77.05444698014026,-765.8725978399146
-101.08054247275683,307.7258416649979,114.51913539479823
-503.4129284132619,20.487103939654446,-276.319716000699
242.71778184586827,68.5759254829209,841.0526236583116
-293.6997996555905,-293.0683052341127,-406.56187681319926
-59.94201602930027,-761.9164094558876,695.5142671473899
-631.4506968813872,95.99643011701309,-14.382931346908972
-236.14979192735152,580.2345325399652,-417.87033668378905
109.22036085519561,-62.24619864202701,-139.44868151456504
303.97543872742966,-361.91901253995417,-782.0696701654625
173.90811106060207,-164.37591590877156,-208.86922055567928
-201.65053775145023,-41.09619993590531,-515.8590027267439
-285.59267323439855,-83.51475446127714,-109.03509388349076
-202.56215847510063,27.270246487333292,-105.01749047637246
285.72541234130836,-430.7157296576844,-113.74306451064925
-122.27207749987309,-218.20971286510834,-90.0168877683313
-154.94652629723103,-261.9468693865676,-384.0429046527712
-134.857688415469,-346.62261478127255,-139.49266279995695
-389.49176662060927,-310.5766109180633,92.18393996403846
288.3367650785742,-82.20726927595453,8.085398668735174
20.968915925865716,152.67984263695607,384.5180768084201
605.2532773870257,142.03932117263548,-432.7651602324336
-250.25318449368854,-583.0890112563566,-633.4484166080682
262.4219991871083,102.9859238399437,196.73588948435022
-253.83013305536105,-351.4142740810886,-515.6971167726213
706.0542269551013,285.0621952164936,-321.4094548225891
146.4308431683999,-213.23752710048868,-790.7606530209459
51.65593756367408,-93.75059026080258,270.07134672441333
-780.8860494311797,-238.95446113482998,-11.888507824490107
-27.955724697850123,-35.058805006487326,304.5446927521664
84.40544074197716,206.84391385729958,85.28282511207811
552.1539777898232,-249.46242119640627,-35.94795106992901
89.25688683214318,-147.00595729014134,262.05001968301775
-149.55220767768776,-163.70260814930535,459.087530174563
-109.94981314543287,286.37798323033326,121.51274744388645
592.8556590154275,114.71106625337191,-300.1681104206557
239.27944531770842,290.93239975821746,712.4791043013373
-30.157022811384337,329.91275946338266,216.82729847327386
-183.52221711762746,-76.27457384169941,449.12751612556144
113.58829151175303,462.5157953581514,302.718205432648
624.2523832868225,203.36643254425744,300.90936493751656
160.0047803333966,243.5334816599151,227.40096373470485
83.53741446017239,-198.26038630339187,-433.7308613040796
62.74467922235391,-12.103503826028735,316.7322294811646
-301.78072938498394,295.4682133776257,80.12976191565652
328.91279247264026,113.68042483774451,-209.20445165137508
-214.48648740573609,111.758260904318,-78.0906237986759
-298.06400163518225,-232.97889240816275,427.7328987116253
-241.19559915802455,-227.25256220807543,795.0608473664612
496.8975050452209,-446.3905944966308,163.06193342112468
-229.2593176147751,164.60742808674522,-246.67245520442532
-205.01961211218503,752.2816712282689,-609.4963935752502
-591.9303511929227,697.3922194749266,-110.78683667202058
-699.8141123041315,-174.39953538999077,327.685768526168
132.48274419625383,23.202334155168117,-94.35496755935897
-404.88436287956637,21.801154390879745,-418.94082435477895
-13.566517176984108,-359.8645908740104,220.69364066466593
26.546307669093018,633.8859776076843,-174.60011602769103
178.76855070026713,241.96304019940794,32.39886339728891
-378.47974594084764,-430.9215272081567,-249.31687631953724
636.0675870954765,-679.0508900250493,-11.126404957796552
-73.0236765940194,-560.0339384555401,203.35082984526775
-526.5025380648527,171.16334031390227,-341.50777859949164
-141.56327712856674,-84.46892309702878,236.90293906980241
49.041798591777656,237.36124465906835,-243.00032844564586
41.03408637157957,136.63972959109216,130.8556216287829
-274.2528217450996,-259.248900474228,-155.53868951909757
-633.8842324537359,625.6989316559618,639.3280795378846
-11.173302913558185,173.71938279428198,159.16869647137972
225.89790226202896,453.1529007816967,138.67564343309868
488.03964953122505,-243.1962139319457,-411.45223811067257
40.427730489396126,116.47885208816888,-472.2642356118311
-30.744381161963176,201.08368429596075,-125.81033571045236
83.45296878951844,-746.6451027258993,28.727189278292222
315.6046895107943,357.53578420191434,186.54606078185097
272.07907539899685,384.93612944558373,178.11574003916854
106.16986741303779,63.72804949054177,327.102287999278
382.8241655299524,88.15670799550551,-311.70591753703604
571.4941832680375,-618.4011361327214,-261.4263769650945
-59.15593147552459,-486.53434327453874,-167.3485114174601
-205.41440621446134,701.2836893956478,325.04097511519814
240.70529894083543,109.92254718798348,-134.49182327533643
-6.275465858533907,-273.6409552973748,555.0329786625337
-54.952247154343574,797.8049057271543,-249.50205910756065
-535.4636683306084,649.103960247222,-272.88339863105415
-53.50712500089851,-642.2073969025116,-25.28214747537083
318.87936325778304,269.1674957816566,218.0683567915841
118.34482075226327,311.928578296927,-136.82692318174333
41.05256630717051,379.54954887026446,275.0634933840542
149.0238261646109,225.3392719010349,676.1411846255415
-68.66347466907582,95.75008536378452,65.66565977228794
123.17063530547611,205.86918066859639,-695.8463133374654
518.7292845607135,67.13122896954893,-655.96836034114
561.5128267883273,67.97557225247571,-208.17196790316788
165.56545039435667,325.69515820886875,6.010838406777509
705.5008314292626,-213.51171931619322,-40.565544791760836
-159.7246412986035,-97.05254938748858,398.28760748701177
-460.7263554532513,130.73963934171007,31.505331777319466
135.44890347286898,-164.99136322117656,-41.50140636521112
258.6942929232891,210.50254009015924,295.7106013669941
-161.10516328732373,-44.58788048569165,193.1296035263705
-8.823465905149103,-179.27018277071414,-1.6509245842081153
-478.89877437226056,-143.80935703960668,76.20733417022441
-7.173393469001019,120.68032955874105,-429.70507078782754
239.95866875590232,117.98436896790764,207.0737689780878
519.1351659742954,-213.80081298247154,587.9732132974377
-341.1499370112887,-140.4313592185473,-231.12404171156064
-612.8207820666712,-210.8495430527356,115.66364195512413
170.26108878774642,-273.3438978211239,-116.80810301620183
-587.9271003416751,453.37358998661784,-255.58884356912841
-363.27158030871914,-29.196009565239095,-109.16489346297045
22.81824263923258,-150.21993353061825,-172.08315312629878
226.81343194826542,-112.88381741490261,-180.08353546150246
-175.34259785070083,250.88290580221678,284.5933240024557
271.76840354039695,461.0882434019016,-92.25987595734738
-8.610927785982174,-286.7229013006535,582.4903252651233
125.17360339634256,238.5091727680997,-52.95797148630695
-519.5288118782058,-57.058674995549126,-267.8208865696808
503.57286066475234,-108.68559081575063,234.29554197051726
148.95414915427074,481.33388028128644,261.70269475320345
354.41747798773747,-148.6404631484719,293.27442548118853
-524.2563411605939,-243.3614289393904,-78.92727805814737
-228.62702542140744,260.864487435374,121.47898152008617
-405.36199457714145,12.02667338521114,212.29809313434058
-147.4198457642251,-169.12542947713925,88.59055959388849
56.04059576981382,-536.7312541490878,-390.697427162288
227.0057230148947,-13.574077999615259,644.2981760149862
-393.78413397265774,-442.8578661004522,54.10550433143934
128.42697753265205,-382.48518453802126,-226.00814857745152
-43.65682648558402,192.80902054234912,72.42469475835782
-80.86461229134247,-276.5618446321396,-183.29886732836732
-457.40159651156904,555.2041433009731,-557.5637619421562
111.95868502767738,-249.37033750645216,-191.73199146361566
219.10321218629537,115.6865284110011,253.63682529798777
435.0045014423808,41.07284424082346,583.1404764191064
399.0354418967803,-262.60594246209234,577.4486038977929
-337.63556747286685,-1078.4735020649218,441.6966535219644
190.10715747209764,-130.55072661721087,-409.6726560378891
607.8529112131799,235.50927973839683,-183.37584083548873
176.78857301633047,535.503123207035,88.85292635006654
465.9906617043138,-113.88470651286138,235.61230130194892
206.23536623113196,1063.4898954438315,680.9921845989167
67.2856392804624,502.6590545908296,112.58817334155337
-186.22686136042137,113.70351114248125,234.32289913745424
475.9943052760518,102.07801864018643,324.6857573299257
-518.1991412129122,-513.9243740755167,-528.73620127528
-461.4876468024097,153.6127212710268,415.0510548989954
-85.64307786111922,410.7764396522969,-44.34180615421588
31.588085820568484,-149.0993501710392,-483.5281695540573
-191.65226905523528,172.66980495848577,434.40001658159025
-484.01921561325213,351.67651087626086,-128.19169211135358
36.06195386415551,459.06518555015896,-40.047958937982784
-126.18350332399173,247.83361209351503,314.6774652363484
391.00446262628674,-162.11633372904637,-148.24891362850576
569.8491826998345,670.7096389331488,451.5491521056429
-294.46069389795804,384.151478496443,-84.63699531901243
-100.22888572938346,134.89035814725017,338.5656278426547
20.22331594564298,180.124650355022,-235.3353782361719
-446.07516665733306,-576.2991805588297,-34.37847589211127
-15.718636097319935,283.548748379564,263.8773544491101
-16.542770328897053,-216.29701482691382,-825.5312538931287
-104.93486334965847,595.9757608900172,-252.3212631379771
55.42158885580086,-329.0588837942084,61.94007115508769
336.93443245998566,81.25728636353273,81.16926269129
-37.549250969383166,-194.9385228081058,-231.28491205775666
87.0012389679987,249.97510356551163,-416.8403864141587
-9.23180972815297,-348.899054952068,308.9963641239582
-267.13127373764576,254.52135618480798,273.09110911990985
121.39416803423862,349.95931690714696,-156.4413888430407
-123.64926846649962,505.60262337594577,-112.42070257463455
-155.88986384299773,132.4730828981455,-625.477364207394
615.7270182385639,-437.50806477768896,-68.66953013013125
-331.7093406493708,-499.18174991693894,-239.9937738680283
-181.3484780142214,524.5757285547288,282.6629538007778
567.4515722559844,-412.71219248130683,249.7906364217225
-617.8917677402403,-124.992631756788,-431.16392441277753
297.6857507664059,285.40165337493903,289.439133851445
230.3327712181008,310.2760965093523,450.0320132931626
-232.98266732191283,52.688257743050514,-334.423588844085
-292.44243820665196,55.81547478819308,70.79291640538236
-136.80243917961025,-80.48725136686528,78.28216487776714
-175.60091369363337,-219.49741082648956,-335.57162718718143
-297.9203340916171,870.5201372467759,-69.13174219158788
410.68769630093215,70.66059788626042,-499.45291331515233
267.6614321330518,-342.9613046348692,173.31167893746843
20.87340271271739,-22.09033435476072,265.78208379738896
-140.9375970726204,-194.66097656753425,77.10152509227534
-299.9164214131416,131.49408708638248,98.11553390534115
-243.33959351450414,-311.8646699128362,-802.2171327611743
-553.0992982186265,-407.79713056831804,-140.38001694418634
-379.52274743684785,-49.581650653671865,378.92614523793304
-56.11349167322134,6.334449362968739,361.7945370064714
191.51723742554404,-423.9202932202321,-324.6656569635798
99.11888399581045,109.4140950376149,-230.45395025677618
-185.87058103028897,27.333777999570152,-27.582424901616815
88.82719389343512,-423.3037855560937,-255.98331879359085
364.37222069066587,436.7172498438059,601.0083193499819
991.0283506081738,752.9979261517617,-465.19745436718836
-233.93399618832055,384.2660520010755,-251.46766978730852
427.6679670593118,-65.36255215092258,8.352171382448438
-302.78500687813164,45.31178689392384,-64.52923545740077
80.66041784229125,135.20590982978592,256.195977937143
-188.662114451635,118.67945943278416,-364.7712711231991
639.082008938154,-265.71249643340025,-510.0030833150287
168.43923296401638,369.1465727116498,73.93409105983115
257.0677574630025,6.439788848633062,-33.95605378122036
-293.8698082945175,386.8306025829034,349.6011338549062
403.68156403224793,-459.62233899966316,-628.2470501062564
44.27465186797367,-289.3991106249558,-87.69783119671699
-148.41456693352634,-25.447156537351795,78.67398637881101
-238.13393376757642,225.3849668263822,191.1530499948092
-230.586022959744,-219.34375458433314,260.1877454626875
-217.83658959739307,51.50652532142569,5.589083891938913
241.36621121060807,-338.83663012250736,-166.43913132088298
338.6116290258852,-640.8955488411026,-489.5257694626434
-82.17859661334226,275.380847137708,777.0170757017207
-753.6487124259269,-336.2598486527837,-363.80633421572315
547.6672768211574,223.72023740637314,-456.19218739663575
299.02312684332156,235.1551161987704,378.6110497202442
404.06286318355313,-86.03596759224756,-248.86434200292922
-452.2507689846876,897.0673629982474,62.016149641191944
-228.0106096505675,-371.35739210786033,-283.28799700205104
248.0724346813831,-366.4192886357873,-435.7677262704619
395.38398587753665,29.48806936257456,68.13959347570253
121.8010758152385,274.8505485115208,-79.22893989695284
-102.69498808814032,-220.93863091127747,195.31263055454622
-431.54615073177564,-368.37610972080427,91.86486572456118
57.80816132637157,199.09676957079347,-149.34563322361564
-125.99627651521013,601.9521221365342,29.588713897563487
-66.9700691632019,323.25558472281034,-355.91737585322954
-152.52826578619178,-285.5789138124292,-78.69367740020417
-448.4880155092132,31.91088101534255,-14.302024606617428
159.38741982746083,335.0018347259212,444.77433937861184
420.23991979064164,-24.13526487448136,5.92679636041348
171.6122244802118,124.32745897441819,221.0903650170712
222.6896859801628,-673.1496029523353,147.36620156730854
165.5956517217551,-139.61843839248965,230.99789043608536
222.89806767881907,363.06267722617844,330.74321731205083
-37.43891045771217,130.62853571452374,-469.86483629651485
48.97654267676562,264.64421348074114,-504.5695619820529
161.82332350232494,-503.46055236121134,-325.2727875618728
-174.8148803187711,-350.16021295463946,-162.41511539213073
-188.8603006808634,289.15106741457464,-272.7465557828593
-931.4707144529962,163.63242267003585,394.2255399464527
153.8057854106153,-369.4863012748397,-652.5973997297433
